1000
1001101011010101000111001011 01110101110111
10100001 10101101101011100100101100111000011001010110100101101010011011111
1101101010011101110000011111101110101110100 01110110010111000010111000
11101100011011000011110011010110100111101000010101000 1100010000000000101100111001101101001011000110100010001000101100110
010111100000010101010100000011000101001011001100111111001011100101111010001 00011110110001100
001 111101
0011010010001101110011011100011010111110111101110101010100110100111000111 0
101110100001011000010000010001100100111111001000101100100011001000100 0111000110111101010000010110100001010101101011111111010010011101
101010010011111011001000000 10111010100111111100010010101000101110
11000110111 10000101101111101001100100101000100101000
00101101110010011011111111110111100011110011110110010001 11100001010111000111100000100111000001000001000111111001011000101111000011
11010000001111001111011111101011100100011101101011100110010100000 0100011011000010111110001000110100000100100110001101100011010000000010000011
1000010110000111010100111 1011010111111000010101000000001001011000100100011011011001
00110111111111011110010100111 00101001000001011001110101111001111001101011111000000110111100001
11100000011010011010100110011 0010100111100010000011100110011000010110001111100100011111101000011111100100
11111100111100101101110001 0001011100011000011000001111010111001
1100000100011100010001101010100111001101011111001111010000110101011000000001 010111011000000101111101011110010111110011100000010101
1010010110110100110011011011111100011100110 1100101000001010110111000100111010111000010010010001110001001
10000010 0110101001100111011001011011010101001111011
1100110111111 1100000100
001011 100100110011111110101011010100000111110100
010110010111010010000011101000110101100100 001000010110010110010010100001000000110100
1000101001110111001000100100111110101111001101010001100010001001 100101011001000101
11010001010001110100110111110110001111100101011 011100001000100011000111111000
011110001011011110 11010011101100111111111111001101010011
01011101100111101100000110101110100110010111011110100 001
11011 000100101001101100100101
0101000010111110 01010110000110100100010100100001000010100111111000010100101000010000
010001111011001010111111 0100011001101010000001110000100111000110000011111110001010000
10010111101000100110110001100110010111001000111111101001101 001010111101010101111101001000010101100010011010001001011111001001100010111000
0100011111010101100011 100001110011111101100001011011000001011011011001111010010000110
0011100100100010111110001000100010110111111010001101111100100000111111 00111011011001100100111011101010011101
0111110100010001111 11110110111100001010010101100101000101110111101110100000001111010000110
010100110001010000101101111001000101101101100110010100110 101001100000000110000000000001111111000100010000
0010010111100111010000010001001000100001001100110 1010100011100000001101110100100111000101
0000101010110100110101100 11010111001100111001011011010001001111011
000011011100101 1011
11010101001000110111 1101101001100
01000101000000110 10010000110100001001111110010011001000001110001
0010010000100001111001011000011010110111011010001000100100011110101100011100011 101000110100001111000110000111111111011000011001101001100011010001
1111000110101101011011110000101101110100110010001 00
10000101011101100010100110101100100110011010010110110010100 0010010000001001010010101001100110001011100
110010 10110101100010011010001001010100100101
00000111111011000110000111001101001001 01101011000010110001100000000011011000110101010
111010000101010001011110000101100111100101101111010100011101110100 1010110101001100
1001001000100010000101101 1000110001110001010001101010110001111101001110001
01100011010011010001101001110011100110000 001010000010111100101010100110010011010100000010101011110011111111000001
11100000100110111000101011010011 10010000110011000010000100010000110111
10110010111111101111101000100 011001110000000001010101000001000110111
0010001010001101001011010010 10110011110000100110010011101001000110010011101000001110
11100101100111010110001000100011111100101001100010111 10000100101010011001010001111101100011100000111010100111100100010111
1000000100111011111011011 1100101001010110110111010011010011
0000111011001101100010101111000001010010011101100001110100001 1100110101111101111110000111010000101001101100010110100000011101010111101110100
01010000110011000111011001001101011011010000011000000111100 0101011000000011110100110101110100001001
000111111100000011000111100101001111101010 110010111101010001011111110111100110010011111111000010110100110
1011111100101111010110 000101100011
1001100101110111111111101111000100101011000111 1111010111000001000010000101010010110110100101111011
11110001111000100110111000110110011001100111111101011001110011100100011 000101111001000000110000000000011000101101010001110111001
101110110101010010111 0010111011100100000111
11110101011111001 0000101100011010010100110101111111000010111101011110010001101000010000100000
1100100011000010011 01110010011010001101011110101100001111101111000101001001001111000000000001
101100111000010011101100101001110100111111000010000001100101110010000010 011100011011111000011111010010110110101011101
101 111100100000000
10111101011111100111011001111111011100111100011111101100111010101101010010011000 1111010000100010000110100101010
01001000101101101010101000000100011000101000010111111101000000100110111110011101 00100001000011010111000001010111
1110 101111101110100111000000111111
000111110011 11011100110110011011110001101011001010110101011101100010111100010001101
111010000011101011110001010111 1011111110001101010001111101011111
001100001010011100000110011101011111001100 000001000010010000001101111110100110100010011
0111011100110101001101000010110000111 1011111
000001101010101101110111111111000010110000100101011010 0011100
010110001111101000111001100 001000101000000101011110111011010100000
001111111011000110010010110000100001010 0000111000001000001110111101110000110000000001111110111100
101110011100001000110011000010000011001101111111 00110111011000
1111010100110000001001100101010101001001001110110 1000111110111010111110010
0000111011111110000100000011011000011010011110000101101001111011101100111 001110011011110
011001000000000011000001110111111011001010101000110110 110010010111110001010011001
10111100000010110000 100001111010100111110111110001000011000101100010101011
010011 01
00110101110010100001001000110011111010000011001000001010111100 0101001101110100100110111001010110
1011 0011111111111100000
010100011101111100 010001
0110111001101100001011111 1011001000111101011011101101010100101111000001001010101101000010100
010110101011111001101100011111101011111111000101111010100 00101010011001011
01000000100111111100110011001101000101110011000010011111110 1110001101000111010111010100001000000100011001110000011111101
000100111111100011101101000111111110011011010000101010000 01010110111100
10001110110011001110010010000100011011110101111110011111000100 11111010100001101101001101101010011000011100011100011000011000100011100100
111010000101001001101010000110101111000111011110 01100
1111000100000100111001110110000001111 11000110110100111101101011100000011100101110100110100
00100010000101 111101010110100101111110110111
11000 01111110100011001101111100100
0011011010011000000100100010110110 11101111001001000111111110110010011010101110001011011101100111100111011000110
000100010010000000111001111000011110011 11011001
0100010011100100101111101110101010111011110 0110011000111011000111010100110111010101101000
00101100 110011101100101110101000111000001101111100111000010101101100101010001110
1000111111111101010100001100100111111 01001010101101010110010110100011100100000110010010100110001110011001111111001010
0011101001110011111100011010000 010110001011010101011011011111111101100010111001
00011111010001100111001000111100111000100 0001001010101100
101011011001010111011 011011011101001011111101001000100
10011010101101111101011111100101010001101110110001000 00101001111010111000000100111101011110001001011010
00000101111111101001100110000011000100010000000101 001011010111
10101010000000100101011001000010101100000010101 000111000000010010111011010
01011010110100111001 011010111110001
0000000010101110111 1
001010101101101111001001110101001111111100 001010011111101101101010110001110011101010001101010111100111000101111
001011000000010011010110100101 10010100100111111000
111111001000111000101110101010 001100
001000010010 1
101100111010100011001010001100110011 1010111111000001011011
010001101010101010000100111111010111111100101000110000001010110001100110010 1
10110011100001101100100111 1011000111011010011111011110000000111001010111111
0001001001000100111101110010111000010 000000111011001001000111010011001001100010010100111100100010101110001101000010
100000100111101011110111 00000010100001010101010011010110011000011
11001001101111011100110011111 00001101000100011000001111011000001001001001001010001000001
111010001000010111110101111100100101001101001010011101011001111000011011001 1011010001110110101001101101000111100100011
10101011100 00010100110100101110010111110111
1100000011001001001011111101000111110010011011000011101 11110101110111010000101100011101000111011001001110100010101001
11011100010011000101011011001011000100011101110001000100001100001 011001111010000000011100111011011001011011100011000111100010010100111101
1100010001101110001111001011001111100000111011101111001110011100101 0100000000111010111000100011001011001110110000110110100001011100010100
1010101001000110001010111001010 11000001
0001001 100001001
11000101001100001111000001100001101111111010 101100100001100000111000110111
100100110010001111011000111001 0110011101100111101110000001010111010110101110100000100000011000011
010101010011111110 0011000011111010010101011110100101000101
1011010110010001101000001001100001100011001101010100101101 0101011101110110010101010101001000110101000001000
00010110101001011011110 11000101101000101001011001011100010010111001000110011110000001101
01111011010000 11010110101101110011110010111
010000100010100011101100000001110001100101110110010011001011110 001011001
000001111101101111111110010000100110111101101001111001 1011011100101011001110011011111101010011110100011001010
01100110101101010101110100011101100010000 100010010001101111010001111001111
1101001011101101001010010100100000110110000011011000011101 01000010111100001101100011110110011100110010
10011010001110100011101100001101011111110011101011100011011001011001111000111 00110000011000011001110101011010110011111110
110101101001010110111100001101110001010110100110000100011011000010000110 1000101000
1101100100011100010110101110001001100110011100110001001000100001100101110 01101111010001100110000111111001111001110110011111000100100110000001101011101
000011110101101111100000010000110010010011000110110011010000000111 1111001111000100101011011001101011010110011111001
0110110001110001101011100100111111000010 000000101111101000001011010110000101000011111001000110
011001001011000100001000010101010101001011000001000010111 11101011110101001
011001010111001000100101101010001111010001010001111011111100000010010 100000100101100101101000111101100010111111110
001010011001010101100000011001101111001110000001 10111101010110010011110100101111110111
111110001000111111011000110101011001011100001100110000010010110101111100011 11111010011001101011011111111011100100
00110001111101001000101010100111001010001000100101111 0101100011101001111000011111011111110000101
001110111111000101011011111001011010010100011000000100000 0001011011010111100100000110001
000000110000100111110000010010010001101110100010011011 00000101100000101111001111101011101011011110101000100110011
101010001001000110 101010101111010100001100100000000100
11 1100101101011011001101101101001011101000110100110011101000111111110011
01000101111110000111110101100111000111110011011011010010000001001100 000001010111
111110001010100001100010 00110000001011001011010000111010001
0001100100100010011010111001100101100111011110101010001100010001 000010101001101100100
1 00101110011100000101011101111100010101000001111100000000100111011100111000
1100101100101100000100101001010100001111101100011001001110111111010011010 110100100101111100110000010111001010000110101011
01001001111101100 10011010001101010101001101100001010110000101101011111000110011010010101000
000110100111000100011001001110001000100010111000000011000110 01110110011110001011011111110001001011011011000100
1010001110000 100010
11110001111000011111111101001111101001100010001111 0110100011101111011111000010001000010100000001011100010111101
0101101001111010000001111110000111111100110101110001101010011001111 001010010011011
0010000011110000111101011110000101111011001000111111 10101010111111111111100011011011111111010011110111111011101111011
0100011011110011000001100100000001111100101000010011001011001100010101111 001110110001000101100100111000011011010101
11101111010111100011000101111100101011000101000000101 110100010111
0011011110111011000111010 000110000001100000001110110001011000100101010101101111010101011011010110000
0001101001001111011100001100100010110100011000111111000110011100101111 0111111101011011111100000011111101100
0010110101101101000001001 11000011010010110000100011001111010000101010111000
00101001010 0110011110001101001011111010100000110110100101
11000011010111111100011001001111101110010000101000001010111110000011010 00001000101100101011100000110001011010011100010110010011011101
0001010110111000111001110010010001101111001 1011101001101101110110110001100110101011010000100111110010
100101100010000001101010111001101111111001001001010010100 00011001010010000111111001100100000011100100110010000
010010011101011001010101100001010001000100 010
11001000110 10000000011111001010001010110100111011010101
100111100110000000011000000101 001011010001100110111111011011011011101001000110010011101111000
10100100000011000010 01111101101111110001001111011001111000101000
10110101111111000000001111101110000011001000000000000110100001111 11111100001000010111001000
110110001001100001000011111010011111001000010000100000101110011100110101010101 10010110000111001001011011110010100010
010000 11010000101101000000111111111000110111000000110010
11010011010010000000000001001100000111101001011010110 010011011001101110011001100001011111111001010111001010001011010110101111
010101101101001011001111101001111111000101110101010011010010010100 111000000011100001011011110000010111101110111
001011110011011100111111000110100011110111010001110010011011 00011110110001
1110000100111001101010001000101111001100110101101101110111011110101000110111 0010000111100000000011101001001100101
1111011 100100001111010011100000101100000010000011100111111011
00010101101100 000000100001000001
0110011001101 01011111111011100110100100111111110000001101111111000110110001001101000111011001
1010011111101010101 0011011001110111011000010101101110100001100111100
110010111101011 001111011100001000000001011110001101110000111111111010
100111010100 011000011010100000111110001001000100001110
10 0110011100110011011000001010000000001100110100111001110
001101011111011 1110100111100010101101010001111110100110001
111000111000001000100101010001011000110111000000111000011010011111010001 010111110101010011101111110010110010000111
00011000101 010110001100010010101000101110000010000001010001010001101100
11111001101101111100111 0010000011000000110100000010101101011110111100000
01010100100110011111010101000011011000111110100011011011000011011001111100 1010010010011100001010101111101100111000110011000000000
0010111101010110001001110011011011010000110 10100
1111011011100110011000100101001011110001101001111000010001100111110111000100 01100110011000111001000001110001111011111001001000011000100001001010
001100100110011000110001111110111101011000 1011011100001010
01111110111111111111010000100001101100000100111010110 1100011001001101110111000111110110001011011010110011111111011110001110
010001001001010111001001110110000010011010 010101011000101100011110000000011111101001010101001100101
000010010001010000101100001010111101111110001001101111 00000110100001101011100011111101000100
011010101110001001001011001111001011110000011101000001100010010 1011110110111001000110000111011000011111100
100000101100100000001111000101111010110110111101010100001100001 110111100001000010101
11110001100110111011111111101 00000101011000110011
0111101111001111100010110010010010011011110111110010100101100110101111010 101101110
00101100001001001010010110101101000001010101011001100001110101 01000001100100110111010111110101000111101110111000001000001000
01 11010000111111100010011110001100001111100001001
1110110001100001111010101010100000001011110100000 00101100111001111001110001110000
010010000011010101001111010111101001001111111111110100101100101011100011011 01011000101000011111101011
1001000110000100110101010110000010110001111100101001 11101111110100011111100111011101111101110011101001101111001
00 1100011011001010011111
1111100001001000001100000101101111010000001011101010000101001100100111010110010 1001
0000 11011110000
10 01100111100001110110101111101010010011110001101010001011010111001001
00011011100110111101111000001001101001010110 1101011000100110111
000010101101101001001111010111111110000111111 0
000011011000001101001100010011010100110011001100011011 0111010011
10001110001101101011111100001100000 000000101010000100000000010001111
0110111110011100000110100010011010100100100101110111010011111 00111
11100011010010010001010100111000010 1100111000011101011100100111111011011101001010110101011000000111001000101101101
0011001 100011100000000101
1000111011011111100000000111011011010001011100110101111001010 00111001001
11001111111010101111011111010110 0110010100101110100001001100100101000111101000110011100
100101101000111010110101011101 10111101110000000111010000010000110100111011010001011010010110110
111110111101110000110000101101001100001101111101000111010100111010 1100101110010111101001011000100001110011100
0001001 1010001011101110110101110010010111011001101101111
11100110111100001101100101110101010111101011111000011110011001000011010 000010111
1010010011010010010101011001000 11101000101001101110001001010000111111111001001011101011101011100110001110110
0110100001100000110110 00111111111110111101100101000010100110011011100101011011000001010100110
000110111111110111111010001101110111001 00111101110100111111111010101111
01101100010001010111010001101011101 111101111110001010000110100
001 00111001001001101011000110000001111100110010010101000101101100110001
1001100100111100111000011010001101011001010010111100001 010011000100010011001000
01110001001101001001010000110010000011000011100101000010110000000011101011101011 11000010010110010100
11010000101011001001000001100010111111110000000110001100010010 11111111
010000010100101011111000110 1000110010010011111100011
001110111011011 1010000000111100111011
0100111100010011010101011001010001001100001111001011000 10000000101101010111100110101101000000101100011000110100100111101111
001110101101111010011000110001001010101100010101100100100011 0111111000110011100001
1 11101110001111010000011100010011011010010001
0010100111 1011000111111011110110101010011011110111101101111000001101001011011
1111110010111001101011111101101111001111010100010101111101110111100110000000 1110010010001011101101
1111100100101010011111010000110100111011000000100010 011000001110100011010000101111111110
10100110101100100001100011001101100111101011111100011101 1100010101110011010000111111000111110011
111011101110001100110110100101110101000001100100 011101010
110000100010 10111100001001101010110000001101101001010110010110001101101111000111001010001
110101010001100100100101100011110100000111000100101000100011110101001010 11100010110101000101110111000110100011111001011010011111111011101010000101111100
011101110111111011110001110001010011001101100 101001100111100010101111000101011111010110010100001111000111000
001 1101101001101010010
000101000100 1110111110111110001010
11101010110101110101100110111111 101101001100
01111 10011011110011111000001111111110000100111100100
00110110100001110010101010101000111100000000000000010 010110010001000110100101001001111011110011100100110101111111111010100
1010011010101000000000011100111000011010111101 10000000001001100000011011110110001000000001101010
0110101 10010100101011001000011010111010010101
1111010100 1010110000010100110100100111000000011010
010111000011011110111001100011000 1001111100001000000010101011100111001101001101100
1111 10011
00001100001111100 0011100001111100010010100100110011001010100101101100010100001
0011010010 10010101000100100011010100011000001100001111101011010011
1100001100111000111000101110000000101001100101110101101100001 1100011011111010111111110010000111111011110101011111000110011101
10001110001101 11111111
000111101111100111110000011101100011111100110 00010110000010000010011011000001001011001100101101111010100101000010111101100
0 001111111101110111111001110110011110001101010000000010110100100001001000010111
110001011110100010100101100110100001011110001100111100011100110111 110000110001011100001111101011111001011011000011100110001000000111111001001101
11100000100101111001011010101010111100000011011101001010010101100111110000001101 1100101110111
10101011010101011111001010111001001110 0111010101
101110111011111110111101110010011011011100010100111 10111010010110011011011100100010001010100001
1000100000101111111010101100011001011011100011100010100101000111100100 1000010110100110111111011111111011110000011101010010000010110000010
101100111001001010 010001110111111100110110100100010110100010101110101111011010010001001011001
01100110101001001001101010100111110 1010111111111111110111100100110111000110000010000
1101011010100000100111010011100101001010100010001010100100010100 100110011000010010010010000011110010100011011110000110110101110
100111000001000010000010010011101010011101111001100010001101011111110 10111111011101110110110101100010101101101011100011100000111100111100
111010111111101111000000100000000111001001011 101000101001111011011110110111010101
010011010001011001010000110100110110000111001001 101001101111101110100100001
110011100001 00101110011110001110110101010
000101111111000001110000010010000111011001110101111101010 100010101101
1000001001010101000001100000101100011110001000 0010100
00011100110111000011111101110100010001110 000010110011000011111010011000100010101001100101110
111101101111 100111001000100101110011000011101000101010000110110
000111011010111001111100010011101000010001101110100010010011111111010101 1010001110000011000101000011101101011
00101010010011000111100011001001010011 100111111111110010011110010010101011001100010100110100111011100101
0111001001001110001010000000011100010100110010000000 0110001001010011111110110010111010011100001
100110110101000111101011011110100010111110100011101101111110111101111101 01111111011010000
10010001010011010001001101 1010000010000111
110110000010011 00110101000110001011101110110110111101011011011100111101101101011
11101111010110011100110111110001111010100100101011111111011100000000111 0110110010011
01100100010111001000011 000101100001001010101100
00010110100111001100 0010110101000010101011000001100110011111010000001111111011101011001011101101
00111100101110000011011110011 1000011111100110100011010111100111101100011001101011100010110000011
00010011011011001110110111101111100010100101111101000111 01001000011010110101000001011101011011010001111100100100011010101011000110000000
110011101010001101101000100111111010010100110001100000110100111001000 0000101011001001
100001100000111010011011 0011110010110000101100011000
1111001011011100001000 010010000100000000010000001000001001
111100010000110111110011110010011000010000111 110111100111011000101100001000000000110000111011
111100101011010110000100011100101001111100100101001001010110000101011100101 100101111011100
0100 00010101001111101010011011111011110111000010000011010011100100001010011110111101
1000010111111011011 01110110011000110000011000101
011111011111011000000111111011000011010001100000 0011100010001101011000000001
1101001101001010001 001000110111110001000100001111000010110101000011110101111010
0111110111100111000111110111100101101011111 1111010110001101110110110111
00101111010100111110 111111110010110010
0110110001100001101011 1111101000000010110111101110111011111111
011010001100101011001001001001010000101101110110100111001111111001 0
1011000011101000111011011011000011110100000101110 00100101100101101011
011111010011100101100 10010110000101000111101010011110011100000000101010001111110110111101111111
1101010 00110011100111100010000001101010000111101110111000111100001010101000
000010010001000111010110011000111101001010111101110011111001011100110010100101 010110010011000111000100111111010001
11000000011000000111 00100110110000000010101111011010010111001
0000100101 01000110101001111011101011111110111110000101001001111110001
11000100011001100101100010011110110100010011100111101011100010101001 0110000111111000000000010110011000100100000011011100010011100101100100010010000
101011101111110000000100110001100101110001000110 0100000010110110111001001001101000111001000010001100101101011111
010110001001101010001000001000 101101011000100100001010100100100101010010111100
00100001111110100010101110001 1100011010000110100101111101011111110101101111000111010001010010111111010000
11 1100011010101110110001011110111100010000001101111100000110000010
001111110011001101101010110010100011111000011000110001101000010 0000001110111011110
10001001000 010110101110100110010100010100011110101000010101000001
010111100001 01001010110110011101010111001110101011010100011100110101101100111010111010101100
101001 01101110000110000101110100110111110100111111101110
001110001001010100100011101001011101000101001001001110 00111011111101110100010101001001110001111100100100101101010110
11101111010001110000010010000110000100111000010001011111000101100110100011100010 10
101011110011010001100001 0000000100101100001010110000001000000101110111011110101110110101101
01000100111000110001000100011000001101011010 0001110011101110000100001011110111100000101110000001101010
0111111001010001101001101110001100000111010001010110000110100101100 0101101111101111011001101001111011010110011011101010001001010
000101000 01011100000111000101000001110110111110100
10110110101000011001 0101000111100010000
010100110001001010001010001101011000101001101001001010101100110 0010101101011101010010010101111101000101111100101011001001111110110101
001 1010111011011101100100001010000010010100101111111
110 011110101000101111011110111
110110111010110101101101111011000101000001110000101011 0100010001100011001101110000000011101011100000101010100011101100101
001000010101101000 100010000101110100101001101010
10011011100100010101100000111000011100100001110011110110101 111111111001001010011110001011011100111011111101100010000011000011110
0011101010000001010110010011110111001 011001000011100111001101011
011011010101010011101011001001100000001001011111000110000110 1011010111010101
000111111011110000110101100110110001011110100111100110110000010111101 1110001110011000110000100111001000
10010100111000111001001100011101000011001110000 0110100101
00011011000101011101101110000101100100101100111001111101000010100001001 000110100000100001101001111100001101101010
1001110110100010110111 1001101111001100010111001011010111101111011111001111000100101010
1011100100111111111 100100111010000011101000001111011110001111001101011100000010100010
10101101010000110000001110111000100010011000100110100110000 0111001000001111110111001101110101
0110001000111101000101011100010011111001001010111001101001101111 111110001000010010010001111010010011000110010110110010100
111 00110011111110011101110101000000111111010110101
0000000111001000101101000010000101101010111110110000 01
010100011001110 11111000111111110000110100110111111100110000110010001111
1110001100011010011100111 11111110001100010110100011111001101110111010000000010001001111000000110001
1100100010000000100001111000111111001101000111001100101110 00110111000111000000101011011000010001010011101000000
111011001101100000010100010111100110000100110 0110101100100110110001110
01011101010101 100111100100010010001100101111101000001010100001111001110110110110101010101111
00010000111100111100000 101000110110000110111111011111111010010001000
1110010000010001010001001011010111110011000100000010010111 00010111001100
101011100101000110000101101110100010010010110001 1011000011000001001111000110100010010111000
000110010011010100011101101001100 00001011111001011101010001100001
1010111100101000011110 0110100010110101100101000000000100110110011011000
101101111010101010 00000110000000111001111101011000001110001111
1010001000000011110011110000010010001101101111111010110111100100001100000010 1000110
01100000111010110001011000 111001101110111011010010000100100010001000001100101110011110100011111
00100101011100100001101110010111001001001100110011001110111110101 01001010110110001111100101010001010010011001100101001
1111001011000110001011101000111100111001000011111000010110001111111111 10000100100010001010010110100100100010110110110110
101000001001111111111011001100010101001011000111010010001111000100111111101010 1101001000101110001001011100111110110011001001000011100111010000101111101111011
0001110110011000110101001100011011100000111010100100011000111 1000010100001011111100001001110001010011101
00111111101111001001001101001000010111001110010111101000 000
01111100100011101 11100010100011111011100000101001110110001110011001001111111010010101001011011
1101011010101110110100 1010011000110110110101000001110110011000011110110100110
011110011100100110110 1000111010000000100010000001000000100001010111010110110001100111111001
00101100111 111000101010110101010010011000111111100101001101011001
0000010001 1110100100101101101110110111011000010
0011111011110101010010101011011010001011111010100011010010011111000010111110 01100111000010000101
11000011110101110010 0010010110100010101111001100010101011111100101111010010101000000100
001111100011101001011011110110111101110101100111011001110100011001010 0111110001001110010011101000100011010111100101111001011101101000
1011110001101000101011100011000110110101000011100110011 01110110110100110001
0000111011110001101100010000110011011001101010011000001 01111101100010111101011000010010100100110000
0000010101010101111 01101100011001110011110010111
100101 110100010000011110101101010001100011111000011010011100
01001001000000101000110001 001000000
00111111110 11101101001001100100010011010011100010101110
0100 11101001110110001011111100001001101000110000101001
010 000
1110010001111 1011011000011110010000110101111111110111001010110010110
1110100110 1010110001111010011101010101001111011100110010101011000000101001101
001011010001111100001101010001010110000110011100111100000001001100 11011000100111000100001101011011100101010111100001101011011100010010
110010001011011001110111100011001010000011 1000
01110100111101111100100101000101011011111100111011110011101110001110 00011111110
101101110011100101000101111000011011110000011100111111011111100 000011011010111011100101111000010010
011000100 010110000101110110000000100001110101
1101111001010001111100000100111111000010011010110010000000010000010111010000 010000110110100101010101111100000011
1011100011110110000011110101010010101001001110011000100001 00111110111000101100101100001010111111110101011010111101
10101000111011001000100001110110111011 00001001011001010100101001011110000111111001011011101100101101111
1110 00110011001110101
101110110101110101010110111001100110100010011000111001 0000010111101110110011111100011110
101110101110111110110000110010010111010001011001100111111 1
100011101011100011001101101110010100110111 01001100100101010010001001111010010001
1011011100100101110101100 00111001111101100000100101011110100000010000101111111
000110100010100011100111101110001110001101000001011111001111000000110110 1110011001010000011000111000101001
1100010010001011101000 110110111000011011110
01010010000111110111111111010110101101000110110110010000110111 10
1000011010101011101010100111001110010000 1101
011100011011 10100010010110111010100100011111110010101101011001101001100
1001011000010101110010111001100 00000010100000011100001100000100111100000011010010001100101100
1001100010100100111011110011111101100000100 1111110110011011111110000011011111110001001
111111100011111001100 111100101100011001000111000111100
1010011101001001011101011011001101010011111100001101100111000 0000111011101100000110000000101011101100100110000010011000100101110100110100
00110 001011010101001010001101101010100011100100110001010001010100001100000111101101
01101000110010001001010110001011001000001101110001101110001110100 101111000100101111010001011110
11101110111011001110011111100000100000 0111100100101110011101011011111001000100011
011111000010101011011110101110101101100110000111110000100100 100001110011011100011111000001001011100001111101100101010001110101011110
011001010011010010011111100010110011010000001000011010100011100001111100 0101100110100111101101110000111011101100000011010111
1011110000001100111101000100000000110010 0100010111101000001111011001111100111100011100011001011010101011001
0011011111010010000010010 1010000110011111101110
0100 0001011010001100100011111001101100011000100001110101110010111111101111101101101
00100110111110001001011011110001000101001011011011001100111001110 000011000011111110101110
010110010011010 11101011
10101000111000011110001101000000101111101000011100101010110 01001001000111100011000
00111100001011100110011001011111110 01000010100
0011001001100110010100011101110010010111010111111110110101001111101010100100010 01010100011
100010100100111100011101000000 11011001011101101000001110100010010100010001100100100000110110110000011010
1001010001111110011110110000111 010101101001000001010111100010011100000000110111
111001 01001010101001000001000101100010100001111011101111001
10011001011110010000001100100111001 0011111000100011001110100101011101101000001100000100000000111111011001101111010
0000100111011 01111110011000100100001001110101111101110011011
11111100101000010 100100010000110000111110010001100010010011101000011000001011
11000011100110101010110110110001000000011010100110010110 01100100001101001100111101111100010001000011
0110010000001010000000 101000000111001100101101010100011110010111
0011010101000000100010010111001010000011111111100111110001011111 00001001110111111010110101011011100010111111111110100111001000011101110111001000
10110111101010101111101000111000001111 10010011001100
00001100111001111110010001011111 111010100
10000110000101000111100001011011101111011100101 00100111110010011111011110101001001101011011101000111011000110001000101
1101010100111100000 11000001000111100011100110111010100100001101100100010100000110011
101111111110011101010100110010111101100011011010011100110010000000000111001 101100101110010111011000
1101011001000111000011110111 1101101001001101100110000100110100111101000000110100101111111111011001
011100010101101101000110010101010111101111100001110011011111001111101 1111001000
00110100011101100111001000111110000010110 0100011100100111111100001101110001111000000001010111110110111101100001
0011011010100111 011100011
10001000001101101100011111 010010011100101
0000111101 00000000010000011
1110101110001000000001111100011111100110110001 0110011011101011011100000000010010110011001
11110010100 01100000000001
111110111101011101111101000101001100 11001100001010100110110111001001000011001001011011000000000101101011110000111
0001001111101010101011111010001011000010101111011010111111100 001111110010010000011100100010000101110001011001011011000111000
00111001101001011100000100011 110110011000011101010000000011001010011101101011101010001010111
110101111110100111011100110 10010011110100100100110101001000000000100
0011110011100001110001 0010000000100000000000110101111101110010011111010100101101000010110110011101100
110010100111100010010110101110 0
100010011000111001111100101100100001001001111001100001 11010010110110001101100001100011110110000110000000111010010
11010001100011100001100 1111011010100001010110010
0000000010101000100 010010111111100001101100000010100001001101101100001101111110
010111100010011101 011110010000
1101000101010100000100101111111 00010111111110011101010110111001
1101001011100001101100001111101100111110100011010111011001 11011111110001110010001010111100000111100000101010111011011011101001
100011 10100111101111010101111110110100110011000010000000000011111101
010011100111000010110011 1110010110000101010000
0101101001011000011110111101000000010010011000001001001011001111 111011111110111100110100010110000001100011110
1 10100000010011111011111111100011001111
111101110100111010010010010001100111100111111100 10011100000
100010010000010101011101111111111100001100110110001111000011001010100001101 011101010111100110001110110000010011111010110011101000111
0001000100100111100101110101100101101111001011111000001011100110001010111 01001110011111101010011011011000101010000
10010001100111011100011000000000000001100001001000100011001000011010111 111111111101
10101110 011110
110010000101 111011010111001000110001010010110000110
011011011001110111001010 010110101000111001001100101010
100100000100 11111111010110110
011011000110001100 11001001110000000101
1010000011110001000100001010001111111011101110000100100000000000110110001100000 1111011010011000101000010011011001
1110100011101010001100111001000101110101111111 1010001001111000101
01001111011000001110101000001011010 001001
101011100011110011000110101110110110101101101010001011111101111000111101111010 00111000011001011011000101110
100010001011110110000100101101111001101011001001011111011110011100100011 11010101010001111011
10011011111011000111111101111111011100100100000010011100011110 0110011
01000011001101110111101000111 1001011111111011001101000111110001111010101001000111001011010011100
000010100111011001001110000111000010010111111111100111110100001001110010111101 0011111011101111101101111101110100001101110101
001000110110000000010110001111001110010110110100010100110110100011000111 101100001011111011001010011010111110111111110001110001111000001110
101110100100011000100001000001110 10001111000000000110101111001110110
1000010111101100110010100001100000001010111100110000111000 0011111111011001001
10 100101000110000110000000110011000101001010011110111000001010010001111
0101010000000110011001111011000110001001000001001010110101101000000110001010 1110111101011101110111000010100111111
00011101111100010001111100011011010100101111100110010010 110100010100111
11001110 100111101101010100111001000101111101010111101111010011100
10001001001000001110110001111001010000100110100010010010100010 001000101001000101111010100010010111
0111110000010111100001100000111001 1001000101110010110110011100001010010111111101000110100000000010
1110011100010110000110011000010101001011101101000010100011011111000111000 01001110011010111001010110
1000100101110010111 00000111001101
0000011000110111111000110110100000011101001111011110000001010001101011 01100101
1111110010000000101011110101111011110000000001111010 110011110101110000101111111110111011011101110001000000010
110110010101111100001111001111110010111 0000010001010011101011111100000110011011000101000110
00001101100110100010010001011100100001111001001100000101011010100011110101010001 0110100100111100101010000011010101011010110
10000111011010110001100000010001110111101000011011111100100100000111111110010100 11001110110000000101110001
111001110100011010010 01000010000010111011011100111011001110101000101011011010011100011000
1111100 111011101001111110011011001010111011100011111111000101110
11111000100110010001101000011000010010100100101000101001 111000111100110011
01111011001001101001001 0110010101101010111111111001110110001110000011
101100000001111001100000100 111100110110010110100000110101111001010100
01111001101001000111101001110 101010011111101111110100001101001000010001111111001101010101111001
00110010001000010110001001111110110101011110001010100001011001010 000011110011111011001011110101
110000111001010111011100011100110000 10100000111101010111100111010001101111011011111100010011001110001010000000
00100110011010011110101111000101100001 000001111000110010100010110011110011101101101101011
10011000011110110011001011000101011000110001101101100001 11000010010111010001010
0011010010001101110111 0011000000110010010001000
001011111110011010100100110011111010100111 0100
01011001010110011101010000110100110110001101110111101010 01010110011110
00111111011100111111011001001011011001001 10
111010111011110111100110010101100010001000001001101011111011 111000001010001110101100111
1100101000111101100 00111110000011011111010000110111011111001001100010111010
01011100010010111001111100110111 01011011101111110101111010010110010110
011011100000001010101010010010110000001001100010011011101 00000010110110011010011
011101011111 110101000001001011110100001010001100011101000100010101001100100
10110101110101100101000100101010111011011101100101011111111111 0000011100001010111110000010011111011111010111000110101111010000000111101
111011011111111010101011101111111010110101010111100111001000 10000001010110110100101101001111100000011001000
0011001001010011011001111000101011100 10010100111111010100100111100000011001010101010110101010000111011
101101010110010011101111100011110001110001101110010110000011110101 11010100100010100100111000
101011000100110010001001111001011110100100100111010001110110101010010111 110011
00101110101010000001111010101110100110011011101010001000000111100010100101 0001001111111100101000110010001111001
100001000001001100011010000 11111110100000101111110101000110111101000101000111011001001001100
10111011110100100101110101000110111111001011111100010000110101110001 11000010011001100011100101100111110001011100100010001001010011110110111000000010
11110001110001001011000100011001111100110110000100000 11110001010110011110001011111010110110011111011
1100100110100111010110011011110011101000000 10000000010000111011011010110010101100011011000
00101011 11110101110000001001101
1000101100011100011001110110000110110100111110110 11011100101100100
1001101010110010110101111010101001 0001010100100110100101101000010110000010001
11110001011111100001111101000111110100100 1001100100101111001101100000
0001110111110000110111011010 101010100100110000000110110000100111100101101000010101010000101111100
100101000 1001000110000101101
11101101111100100001011101110111 000100000000
0000011111111000011011 1000011001010000111001111111010000101001000010100111110011110001101110010
001110000010000101000110111101111000011011011100111101 1110001000000100010100000101011111100100100011000
0011110010000001001011000 000
00111101111110111101100100010111001100 1101111000001011010000100001001100101110100001101110000
01000100011101111101001100111110011001001101111110001011110011100101100011000 1101000000110110011101010101101010010101001100001111101110111101101100110
0000000100010011000010101011101100100000010110010101010011 00101111001010011001101100011001011101100000000110010011111110001101
000101000001100000111010111100000 1001011010001100011111101011000101100
1001100010100000000111100001111010111011001111000010100 10010000000000110101100
010010001000011011001011 000111110
01110011111000000001001101000000011011110101 1001101000011010110100110101010110111011111110110111101001011110001110010
10011100100010111000011 0
1001111011101110001010001100110010111010001001001001000 10100
100111111110100010011111010011001101 11111111110101111101011011011010000000011011111010010001000111011010100001010001
1001001000101000011011010001011100110 01001101010100001001
1000000111 0000100
10010011000010110101010 1010010111100110111100111011111101010001111011100110
1110000111110011111101001101011010100100011100101001101100100111100 110100011010101001101001110001
11010 001101110010101010101111010011001110010010100
1101000101000 01010011001101000100111010011111000101111000000100
100011011011100111001011111110100100110110100010000101010011101 0110011011111010010110111000101001101001010
0011010000110001011010101111010001010000010101010101 00001110111100110100110011110110111011110100110001
01100110101101000101001110101101100001110010101001100101100000110110011011100 1110011001101001111111101011010110001000101010011111100001111011
01000000111001001111001110110110011111110000000101010 11011010111101110101011001000001100100111101100110000000100111010100011110100111
1111010010101110100 0111110110100000011111101111110100100111000101011101100101
101111100111111001000000000011011111101011100110 001
1010001011110101111010100000011 101010110110110011110110101011000110001
111001001000 0011000011011100
1 011000110010011100000110010010010110001000001111100010
0001101100110110111000010111010100 100100000111100011101010111011001011
000110010 101101100000011101111011010101100011010001000110111110100011
110110001100000101011001001000000001001111100000010010111011111011010 001
00011110 0111001011111011100010000
10 00
01001110010110001101010010100111001100 1110101001110000000111011100101100101111010010001001110100001011
11011011111101000111011 0011110011111110001010011011011011101000000100111001000001001010100001100
110010001010101100111000000001011100011011010101001 101011010100001101010110001101101101110111011101101000100110
1001000000101111011000111011001100101110010000101110 101000110111000100010001111101
001110010100111111111001010010011111100011110101011011110101101101 1110100000010010010010101111011110010111000101111001111
11101111110110 01110010101011
01111001101000011010011011001011010001000110100110011000101110010110 00111010001000110111110011100111000100001000111101111000011101110
1010 1100011001001111111100000101101001110001011
110 0001011001101101001010101100111000111010111110111111010101001001101
01000100111 010101001111001101
110110000000001000011110011001101001111001001010 01000100011010100101111000100001011100111111000100100110011100000010000101000
00001010101 0011110010000101010011010100110101101
1101011111111010011110111111010011100111101110001011110101001111110100 01001000110000010011101000110000001111110000110001101001011000010000
11011101011111011011000000111000111000 010001010000
01110100000111 00101011110000110101011111111011101111000010001011110101
110000010101111111110010111000000010011 111000100001011101000000110011100111001110010
1100010110011110110101101011000011111111111101100 000000
0100001101101101 00001001101100100110110111100011100100110010110101000100110001111011110010
1111100110111001110001 0000000001000111101100101010101110010111010101010001001101000111001010011
110010111100110110111 001011001101100101010101110001101010011100011000011101000010
0111110001101001 111001010001000111100011100001010001011001011
110100001111 01011010001101111001111100011001010111110010101100101101010110000111110
01110011000000101101111100001111010100101111110101110001110011010100000011100010 1110001111101100001110
001010011111110101101100101100011001011011100010100110011111 11001100101001010111101001000
011100011010010101101000100110110011100110011010001111101111110010101 10001001000011000100111100110111001011111000000100000
10101000101101110100010001111100010001100111101001000011010011100110110011 101011100010010110111111010001111101001011001001111000
1000011000111100111100110101001011100111110000001100 100011011100100011011
10110111100000011010100001001111 01010011010
1011101111101110011000011111001010011101 10111111100100000100101011011111100100010
110111111101110101111111000010010010110000000001100000101101001111110110010011 111100011001101100000
00001110111000101100111100111011100001011110000 000110001100010001001111111101001001000010001010110110
101101011101111110011 00100
11110111100100000010010011011111001001101100010 1110101100101011111100001001110100000110100001000100001001101001010
10101011100100000110011100 001110001000110000110010001100110011100010100110001010000
110110001110110101010100111010101001 0000000000100101
10111110000100011000110110000000011011010100110 1000010101110101010101111111010100100011101000100111111011101001101010001
1011101010111001011100111000011101111011011000101110 110000111001011011110100111001000001101011
0110011100100001010000110111001010010100111000101001 00111001000101011110100011001011111111110111010000000010010110010101
1000010101100111100101110000010110010110111011110100001101100110010 010111110000000110001011111
1100100010111011000000010001110101110110000001001010010111010000100111 010101010110100101110001011101100010000100111110100110010011101
111111111110110 011
101110001010011010001 1101101111001
010101010111000101001101111011000011011111111000100000010 1100010111010101100111101001110110001010110000100100
10000010111011010011111100110111000111000010011011 1000001010011101101110100001110
00001010011101101010111000001100110110100111100001110001010101011110110 0110100111100100100001000000100001100101111000011
00111101001010010001111100011111000110101 0110100111101111100100000110001101100001011111000011101100101100000101
01001 001111011110
001111110011110100111 11001000101010100010100111000011101001100000011100110001010
0110110101010000010101110001110100010001000011011010111011100010011111110010100 1101001100000111101111010010100001000001010010100111100110110
1011011111001100011100010100110110110000100 001100000100010
10111100010101011101000000110001110110001110100010011 110001100100111111010110010000111
110000101110100111111101000010 100011101000111110101100011011110111001101000110010100101111000111001
1101011010001110010010101101001001111011 10011
111111010011110110010010000111101101011111010100100001 010110001100010100001
100000000010100 10111101111100001000011100110110111110101110011001111011101111
01001111110010001010101010111000010001010101011110111111010 1001
00000000010011011001001001101101011111110000101 0010010
010110111111100011010000 10001110011101111101101101000100001010011010010111101110010
11001101010010010000110101111000100100010110001010011001110110 11001111010010111000101110001110001100010010010010110101011
01100001101111 110100010101000111011111001
1100110010000010110101001001101000110010101011010110000110100011000 010111010101011111001011011011100000010000
000001001010011 11000000011110
0101110010101000100101101111110010110100000101110001100100111000110001 10010010
10 1001111010101010100100100000110010001100001101111001011001001001100010111101
01100011110110111100011111111110001011000101111001101011 100101100011001000110110111000001001110011011011010010111000011111100011101100
01100001011000011010010001010010101110010110000100010011 0110011011100110111110011100111010100100010101110001000100101111
101010000100001001001110110101010100 01000111
0011100011010 0001011000010010101100101010101000010101001101001101101
110000010100101111101100000011010111101111011110001111110101010011111101001 1
011010001011001100100110111011011011100101010110101111111011001001 0111100
000001100000000011111111100111001001010111100001101100110 0001000101011001001011011000110100001
1100101001111111110011110000010011100000100001011110111111000 0111010110111010101011110100111101110111101111010
001101101101000100010010110010101100111110010010101100010010 10000011001111000101
011110001 1111111100110000010000111011111111111100001010
001011011011110 000011100010
011001 100000000010100101001011110101001011110011111110111
110000000110011011011011011111011000010111 001001001001111010101011011110001010111010100010111100010101011100
00 0101100000110111111001111101011101000000
110000010001010110001111110011010011000 1110111100101010001110101011101001011000110111101000010100101101
1001101110011101 11100000010110110011000010101
0101011100011101011000011001100101110010101011 111000000101100111010110101110111011
01001110100101100001110010111100010110011101010100001010110 00000101000
011100010111011101111010101010010101010111001100001010011001101 11101111011101111101101000100001100011100100011000011011101110110101111100111
001001111000 00010001010010010101101011110001001011111011111010101101110110001101000001000101
101011111000011100000101110011010 1101010110100101010010011100010010000001000110100001100
000010100010110000101011011001001000110010000001010011100 000000111000010010100110010011
10100101010001110011110011111100000011000 111111101010011101101
111111010010011010100 01000111110001111010101010010001110101000000101110011011001101111111100011100101
000110101000100001001101111000010000011110000000101011001 101111110100111011011111100111100001001010001
0110110111001000000100110100000010101000001101101001011101000110101000111 110100111101100101001011100101101010110000100100000
1111101101001101011000101101010 1110010
0 10111010011001010011001111111101111110010111110111010101011011111100110100
0011100111111000001010000101111100110110000 11101111110111110
1000011010101101111101100111 10110101001000001100011000100000101010010111110
110 11100100010100101000100100010
01011100011000101 00001001000001
110 101001100010010000110110011101000101110010000
01110011101110010010001111010010110 011010110101010100110010110011001
10000110011101110001111001011 10111010010100111100100001111001011000101001010000101000
100100011110111001010111000111101111011001110110 111111011101001
00010110111001010101110100 1101011111111101001111000100111000011100001000010110000110
111011101100111101011101000 0001111000010000100101000
11101000000010010101001100001110111011001110111000001100000000111010110101 01011100010010111000100100011000100001110111110001101101
1011110010000010001001011111111100100010011001011001100011 11110010001010100111
11110010111110111001010110000111011011011100001010011010101001110000000011001 01000100001110110010011010110000010110110010011000001011111001101
010010111001001111101 1010001110
1 1001110011101100100010010000
1001100110000001001111100010011000111 111100100000100100100000010001001000111001000111001110000100
1000110 11001000101011110000010100111110000111
10010110000111110111101010110110101011110 01000101111000100111000101001111101100001010111101000101100101100111110110001011
1011101101101010011101011110110011010100111010010001010 01111101011111110100100101
0110 100000110100100001011000111111110101
000001010000000010001011101101001010001000011100011 000001011011010110011001111010000
000110001001011110100001 011000110101001000001001110010101001001111000110001100000110100101100
110000001101110101110011000011 1111010001111010101001
001110111010011000000011011011111001001100001111011010 111001111111001100100000101
110110101 00010100001001110110010110101011101010101111011
100111001110111010111100010010011100100100111110010 10100010001111001011010011001101010110100011011010100
100000010 1110
01100111000000111010010001111001000111110001111000 1011100111100101001
001100001011100001000110100011101001101101011001101101111101111100100011001 1011110000000010011000111101110110000101110
10110000100111000111 001100111111110100011101010100101011
0110100110110010011101110101100000111 100010111111011101011010011100011
110101000000101010110011010000001011001010000011111 1010101000100010011001010100001111000101110110101
1101101010100100110000110110011 1111101000110010011101
01010011000101010011011100001000010001010010101 101100010000110001011001000001011001110
1001000111001101111111100010001001010100101010110100111 0000101011100001101011010
11110111100101101011110101100000000100010100010100101110010110 100111011001000000000101111000001110
0011000000011100101101010011101010100110111 0001011110101001110101010001011100111110010100111001000111111011101100001111
100011111000010110000100101010001110100010110 00101001111101000100101001
1111100110010010101000110010010100001111111110100001110011100111100111 10011100100011110
10100001110000111001001010110011000010010010111010011110001000110111001011001011 001100101010110101111011100101000110110110000010011101
010101010100001001100010110111110011000011111010001 00110010
0011001111110001011110011001011111101110100110011111111010000100100011010 1001010100010111000001001100110101110000111011
11011111101100110101101100000100010010001011010 0000111000011001111001110110101111111010110110010010111000110
111010000110000001011 011001100001100000
10000001010101110110001110111000000011100011001011 1100110101011010110100110100001010011101111110
010110011111101000010 111111011
1100110100101011011100000001110000001111011101110111111001 0000010100110
010111111011011111011 101100111110111001011111100111000001110
1001011100101011010010111110001010 1010011001100101110100000010111010110111010111110100110111111010010110001110000
1010000011010101001011100100011000110101101100111001100110100111000011011111 10000111110010101001000100111011001101100101010111100001111111111100111
1001100110110001100001001100110001100111111010111011011000010110110101010000 11101101000000111111110000111001010110011110111100011
00011010 111011101010
1111000100100110110100111111011111010011011101011011101011110 11010010110010010101011100101010111100011010010010101101001
100011001010001111001011010010000111011001110000110100101001111000110001 0010001001111101
00100110000000 00100000000100001010111101111000010110110001000011001000
10011010010000000111110101000110 1100111000101100100011100111011010010101001001011101001011110101010101111001000
010110 111
0111000011111000100100011 110000110111111001011101110011101011001010001001010101
0001000111111010 101111
00110110001111001111011011000001111101111100101001011010 000001110000011101111111101101100011101100101111001110111001010
01110110 01111000110101100110100000100000011111111010110110001001111
010001101000101000 101010101100101011101001110010010100001111011000
100100 1001011111000101110000010111111111111100100000110001000110011101011010011
0101 00000111110101110011010011100001001001011001001001010110101001001
1100100100101010011110000 110101010100001110101
10110001011100000111010101011001000001010111001 000001100011100000100011111101110
11011110101011101001000001010000010001000111111001001110111001010101101011 11011000100111010010
110101011001010000110101011001000111110010101100001001000001011011000 000110001001111100000001010110001111
10110101011101000011 11111110111001000000100001011001000001101101000001010011010010
0111101001000010001 0100010100100001111101011110101100001101000100101101101011110010
00110111110001101001011110111111001100111100100100100101110001111000000011 11110110111100010111001101000110000101011
100001000011 100
1000001111101011010100100111100011101100111001010110111001001100 000111101111000010011100000100001101000000110000010100001101000111101111001
0100100110111110011101100100111000000110101010 011100110101
00000001110100000011 00000111111011010011001010000101101111111010011011000001110111101000101110010
01 011010011100011001111110110100100111010111000011010111
11011010100001101100110011110001100000111 00
011011111 00100011110111111101001011101101000
0000100 111111001100
000111111111011000010010101111101001000010001010101011110110010 10100011110100010111100000001001101111110000000001101001001100010010111000
011001110011111001011010111 011010001001001001111010011110101110110100010111010
0011010100000011011 001010001110101000110100000000010100101101010001101000010011110011111111101110
1000001011011001011110101001100010010101101011001011000001001100100 00111001101100101001010001101101111101101100000110110100010100
1011010110111011111010001101000011000010011111010001011001011 1011111111111011
111010111110110101110110011001111000101101001111000101101 0110111011010000011111001000010011001010010011001100011110011110110110101011
01110000000000110010001010111011110110010011101000001000101110101001011 0101000011110111101100000001010000100101110110010011011100011101000
010001101100100 000111
0001001111111011011110100010010010011111110001001 00011111001101101111011010111010000010111110000100011010001
1101010010010010111011010000000111010001001101000 000111101100101011100100000
1010100000100111001000110100000111001001000101111100111010111100111100110101101 11010011110110101001111111111000011111101111101
010011110011 1111101111010
100010010 01110101000
11000100101001011100011010000 01101010110101010110000011101010100111111111001
0101 01001101111101010001110101111
0101101001111000011011000011011100000111011100001100 11101000101000000111110111010110010001001101000
10000000111001 0100110000100010001000010010001001001010101000011100000111111
001101010101001000011100110000100110001000011001010000 0110100111001100000101
00010010100110111111001100110110111000111000011110111000000111000000000000101101 00011001110110011111011011000110010010010011011111
111100010010111100110 11111100101001011111001110111111011011010010000011010101000001010111
1011110010101110101110 0101001110011000111010111011000111001101011100110101011
1101100110111010110101 1101000111100
10110101010001100011100011110110011110001001111101011111110110010100 10100011000001001010100100101100110011001011001100
111 0001011100000011000
00001101101011010101 11010001000110000100011000001000110000110000000100000111
0110101001001000100101000010100011 110010010111111001001000001010110101101001000010000001000111110011010
100001000001001010010010010 11110111110000011101111110110010011000001000011101011110111110000
00101000100111001110010101100001000000100110110011101101000100000 11001101111110100111001011111011110111110110000010101
000011000000001010011010011111101110111 01101010011011110110011101111111010000111011110101100111000
101110100001011111011111011001011111100011011100000110001101010010111 011001011
0000110011001000001111110 10000001110000110001110101110011000010000000100111110101010111000010
0010100111101011010110000001111001110111000010 100111100001101001111101001001110101101001010110111010101101100010000111001
0001001010001110001110010000110101110011001010011001 11001010001100011001100000000111010111011
0011001100010000111110001011011101110001111000011000110 11111010000100101101000000011111001010001001110101000010100
0111010111100000100011001001010110101010000111101101001101 10000101110111100100110011010000010100101011111001010010100
010011001000011010110010011 10111111011000000000111000000110100111110011111111
001100110 101100001000010110
11011100000011000010110001011011111110111 1000
000001111001111010010101001000111100 01000001111000111100101101100001110000010001
00111001111110000100010110001111011010100010010110110101110010111100010010 1110011011010111111010000101110001010110000101100000110100001110
111111001010011011001011111110010110010010001010011001011001110 11100000110000111110100101100111110010001111010000001111110
11001011110100101101011011001000001000011101101000000001111110011001101110 01010111000
10111111011 011110101111110111110011
0111110000100110100110 11011101111101100101100010011011011111101100101
10111001000111100101110001000010 1100101010101010010000100001011010001111111111010001011011010110100011100011
0100110110100100010100111111000110 0
000101100010011101111101010100111000100101010001100000000101000001110100011011 10000101010001010010111010
101010 10000100011000000101011011001111110100111
100100100100001010001101 001000100000100000111101010011000
00100010000000001011011000000010000010001111101011101001110010100000110010011 100101001010110100111001111111000
100110001001101101000001110010000101100110011000011000001110111001100010100 001100100100100001110000110000110110010011101010010000010010101100010100
0001011111010110100000011110010000000001100110101011 1101110101111001000001111
11010101101001001000011110010001000111101110111010110000100100 11110010100010000010100001101110100010111010110110001000111011010101100001111100
011 101011111101011111
01000000111101110011 1010101011111101101
01010001010000011000000100111010110110010110110111011011110100111001111011001001 011010000001100111011010011011110111101001011111100110101110111011
10011111000101100000000111 1011110110
1010111101110010100000000001111010001110110101100000 010110000100001001101000101100100101111
1101001111110100100101100100110010000010101111 0101110100001110010101001110000011010100010
00010111000111101100110001001100001111001101100 1001010000100110101101100110111110101111011010110011101010111101111
100011010011001101011011000111111110111100001 010101000010110
101110000000011110000010110001 0100100010010011011001
111100 1111011
101100111000001010000000100111010011110011101000111010011000110 0100100011110001100100101000100000110000110111000110001111111101010111100
111111100100110100010011011101100101011111010110100000000 0001110110110
001001101100 101010011001111010100010110110011111010010110101111
0000001000011101010111101000010110000010111010011001100101010110111101 111110000011110001110010100111100101010001010000010111011
00101110001010111001101101010011101111000100110000111111101110000001011110101 110001011110111
10001111011111111001001101010100110101110010110101111100111011100 011101010100111111001101001110010110000111111001011101001100011101100
01101011000010111011000110110110011110111101000100010010000110100011011101 1101010100010111110000110101101011100101111
11100001111000011110000101110011100001100 10011000100100110011101011111101100000110100000111111110000011010110000
110010101101 10100010010101001001010000000110111100101000110001111001110010001000000011011
000010000010100110110100110001010111000101001110111110010111110 1110111101001111111000011000
1101100100001011110110101 01010010100000001100110110111100011011010000001100110011100100001110111
1011 10011
10101001 0110100000110000000101001100010111001101000111001000100000110001010111100
1000011111000101 0111100011011011011000011100001111001111010110101110110011
100111 1101100011001011110100111111001
100100 101110100001110111110100001011101011110100111001000010100011000
10111111110000101111101100 000110101110100001011010001110111011101000010110000101100101110110010100
101101100110 1000001010001000111011011010110111011101101010011
100001100 001010100000001000110110100
101000011101101110111101000110101110100101000000110001111010101011000000011001 01001110000011001110011
10010001110100100110110111101111000100010111 0110011000110010010111010001010101011101101000011100111001111001111
01111101000001010010100000101000111011010000100111100011111110011011010011100 10000010010011100101001010111001011
0000111011110101111100101011100 100
001111100001100100000110011001100 001001101010011010111011100000010
1011000011 010
1111011110100011011011111100110010 01110011010000110100001101010000100111100010010000111111001100101011110
1001010110100011110010010011 01001101111110110110010110010111110101100110001110
10110010001000001110110001 0001101001001110101010001110010011110001001111001100111110000000111001000000101
11000111100100011101110111011100000111000010011111101111111010 01100011110110111111000011111100011111001010
10000111010100001001100011110 10100111111
01111011011101010011101011011111001100101101101001110101101010101100 10101000110111100111100111011101001110011101
10010000101000011000011110000111 0010000000000110011100000110110000000101101101010101010011001111111001
101111001110101000101101011001110011011010111101011010 000010110000110011000111000001111001100011000101110
1011100011001 1100101101011000100010110101010001001110010000
000010000101100100000010001101110100001101000011111010101 10100010001010111111001000101010011101001001
0111100010110101011010011100001001111110110100010001101001011010101101001111011 01001100101111100010010110111101100000011000001001101000111111
0000001110101101000110011000111100100111000111001011001100000010100 100000111111111000110100110101100101
111111100111111010001101011111000100 0010111000
001111011011001100000000010101110010001100110 111100100000101101100101000101100101001010001010101111000100011010101010
10110011100010000111110001110000001101111000010010101011 1001101100001111111001010110000011100101111100100
01111000001000011101110 1
100001000001001111110011011010111011001010111111100100100011 001101101100011001001100101
101111110011111011110001001110010101011100110000011 1101110000110
001100011011011001010101001010111111011110111101010100101 11000110011110011100111111010000101011001000010110010
00000 10111101010001001110100011
101001 00101101000010101110001000011111010100000110011110100001100
111111011011000111110011000001100101010 011000000100110010111110100
0100011 11010101000111111010001011101010000111011001100
01111111010010100100 101
101011110000111101011101000110010001101100 1001000001001000000000110000101111011000101101001101011011110011001001000001110
111010000111110110100111101100010100111111111111000010000010000011110000111 1110000101010000111111110111011011110001111100101100000
110001011101101101101101001110101111110010111011110110001000100100011011001011 0101011000010001010001111111010100101100001011011000000
11101111111011101110100100010011010101111110100101010100100001010001110000 010110010
0101000 00001010100010001100011110101110011011011110110111110
011011100010001 01001110011010111110010011001010100
11011000011011110000001100011000110001101 1111111100010011110010101100010000111110001001
100010011100011010001010011011110 1001011000111100000000011011011011101000101000010110111100100100100010001011
001000001100001101100110110 1001110111100101100000110100101110100011000100000110010010000110010011010
0110001101010000011101 00101111011001001
00100010110111110110110101 111101001100011111101011100111000110111101001110010
0010111011 00010011000000101011100011110000001101100000
0011111010010100001010000101000100001001010011001001001010111101100010 0100101001101010110001010000000110000001111100
01101101001010111111101110010110010100110101001011110100101111010111101011111 010110001011110000001101101100100001011011
0111010010001011010010110111010100001010111000 01001111000100110001000011001001111011
101010010010001010000110110000110010 110111001101111010110101111101001100011010000100110100010
0110000000101111101000011101011000011101000101100001010100 11001101000111110100011010011010101000000101001100010100101000111
00000000010100010100101 100101100
01001010101 11110111110000001000001001100000111001010101101110000100101001101110110000
00010111011000001001001000101101000000111011110111111100 0100000001101011001010101111011011010111101101111001000111011100010001110101001
011100111100001001011001001100011000000011110011111101000010110101000111 01100011101110000111001111111000011101111100011011010010001101110000001
00111001001010110111001110111000011111111111111110010000011101110100 0001111110011000010000
00100100000100011 0000101001011001111000
0100010010011100000010011110101010001111101100111110110001011110101000 111001100001011010001000010111
110000110010001100010100011001111011110000000100000010110111 1010100010011001001100111111011111100011001000
01011100101 01111011
1010101000111101101100010011110110110001001011100100111001000110011001111010011 1011011100000100101111011010010
110100101111 011000000011100011111011100010011010000100100101010111111
011011101001101010100010110100111110100110110100101111 001111110010101011000111110100
0000100110000110010100 00100100000
0010011110101011100010011111 000010110010100000
0011111001101011111100101000111101010110111001011001 011100101111100011100010101011101100
0110011 110100101010010000110111110001000000011101010111001111001
1011111100101100010010101111000110110101 000001000100000001111011101101100110001101110110101111
111110010110010100100010111111000110010100000100111001110 1011101011001101100011010101
00011 0101001011011000101001110100110111010100
1110101111010001101011100011110110101110110001 0000110110011100110100101111111
110110011011001 10010001100011111110001111101
1111100101011001100101101100010100110100101001001110010101 0100011011110101001010011001101101111000010101100010
000011100011010010101100100 0100001100001001101100001110000111111001101110100111001001101010
0110001101010101011011100011111000 00001110100101000010110010001110100000010000110
101010111101011111011100101101010100011 11111011101000110000010100111001110011011001101
000110001000000110011001001011101110011110 11000101011101100011110101100111110100100000011110001011000110100
01100111111001111111101110101001000111111101100000110011010111 1001011001111101101011100111011001000
0011010001001000001001001111100101111111100111110000011011101010111010011110000 010100011001100001111011001110011101000101100000011011010010
0001100010010111001110111100100000110000101001 1110000110011000000000011100101111001011011000100110111
111000000111000010011100110 100100
1100101111 010001011010000000010101001010000011001001000010010111100001010
0101110101111101110001100111000100001101110000011100001001110110 111011010111100101101011001011101
010011100011000001011010111001100110101001101010010110010001100100110000 11000010
00011011100100010111001010111101000001110000111100 100011111010100111100010110110
0 101110000111011110001101000010000010000011100101100111001100110111110100110110
11100101100111 101101101
1000010011000000110011001 101000100010010001110101100100
110011111000001111100000011000001001000110110100101010 1101001011101010000111100100111001000110110111
01011101111011001111011111111111011101101011000111000111011 101111100001100
11011110101100001100110010001110100000101101000110000101101000 1010111110000010011100111000101010
011011111111010011111100011011011000101110101111000010000111001 000011100000110000
010111110000000111100110101101100010001000001010110000101000101001101010001 00101010111101100011110010111110110010
101010011100110000 00111010011001011110110111001101010010100011110110100100111
010000111 01010111000000100111011010001
1100101011001011010001000010101011100100001010011111010010110100010110001101111 1100010110100001011100011010100100111000100000011001101100111010111111011000
011111101110001010011110010011001011 00111100011001011000100010001110
00111001100101011001101011001011101 1010100011000110111000001101011100001110101100010000
00001101100000111111111111010000111110011001000111100 1000001000110101110000101
10010110101101010111010111111110000 000100000011011101001
0110000110000101000010010110001000011010011010101001001100100 10000100011011000010101101000101110100011110100110111100111100100
001111001010111011011001000110010001001111111001100 101010010110111
111000011100100100010000000 1010011011111011100100
011000001011100000101001 1001001000111
10111011110010110010010011 1100100101111001101011111111001110101
11101110111000001 011
011111101101100111000010111001101111110111 11001111
101010001001000011111111000000101110011 111100101
100101000001100000011010101010010010 100000010000011011010111001000100000110101001000001011010
000001000010 01110001
11011100100001110011110000011 1111
1100111000101011100010010000000100001101010 10001011
000011001000111000001101111110000 1111111101101001001010101100011100101011101010010101000100010100101110110101
111011110101 1111100110011110101110001100001101111011001100001101101101011110
11001100111011100110101011100000110100111001 00010001101100111000100000011001011100111110011001000
0000010110011010110110111110110 111100000110001000100000100010000010010101000101001001010111
000100011000001011010101111011000101111111011110000 011100111101110011000110111111000101011010011100011100011010000001111
1001001010001011000100110100100011011000111101000100100010000000011010001 00101010010001100001001010011011100100011011110101
0111010001111100101110111101111101010000011111111 111001100100001101110111000000011000000101001100011000010101101
000010000010000000000001000100001100111011110101010010111111011001 110011010101111000100010011011111000101100011100010110101001011110011
01011110100101100100000101101101100111101111001001100001100100001101110000011 0011001110100001110010000011010101000010101
010011110000011011001011011 00000110010001010000111110
101000011010001111011001110111110010111111011110011101111001001 0100010111
11110111101110110001101000110100100000001010001111101000 0101001000001111000010111101101001000111111100101011011
11100011 111101100000100000110
101101 11101001100000111100010011101110001011001001001010010010011000101100110111111000
11010010111010000110000101010001101110 10
0111110100101110001001110 111110000000100000
01 1000000000001110000000011111001
001011101010010010110010000111000001100001110011110110100101001101 01000101001001010
00001101011111100010111000010001000000101101010110011100101010011 101111001111110101101101001111110100
0011100111101000000001100000101001000101100111101100001111011010 0011100000111110000011111000100110000011100001010100100110111001
01100001000111101101011110001100001001100010011010010100001 10100110001000010010100000010011110110001100000110110110
100101000001001101110011010001010011101111010101000110111001001110101111010110 100111000000001000101011000000100110010111010000001000010111001001010101100
01100000111001101100001101001010110000 1010100111
01011000000100101100100110111100010001110110001110111101100010000000100100 1010011000110011000100111000110000101100010110100001010111
1100101111111100000001110001000 0111100111111000101010110100010
11110001000010101 1011111111001001010111111000000100010010
101001101101000111000111011010100011011010101100 011110011001010101100100101010011100110100110000011000010111
01010100000110110000110110111001110000111101110000101 0011001101000000111001001001000101
1101010001101010 1101011000011110000011011011000000110101011110
11100001110000101110001101001100 11101100110011100
1110011111111100101 100101010101100010000101001110000010011000
10000101010101011 00110100110011010100100110001110100100111111101011101001010111000011000111111
1010000110 10001
010010100000011010000000000110100111101111010100 000110111101010110000000001101100001111010101000000101101101
0101010111100000010001010101010011001000001110101111111 000111010101011100100100000
00010001000000111 001110110100001
10000010001011010011001000111111011101110000010 111110111001101000000000101011000100101000010001110001000011101
010000011010110000011001101101100001010011011000 00100
001100000011011111010001011011100011011000101001 011100010101100111110000000001001101110001010001010011111010001010111
0011001110110010000011100000110111101011101111101010110101101110 000101101010100001100111001000000001111101110010110111
0010010100000100010100010111100101 01001111101000101100
001 00101101100001101111111101011010010
1110110111111010111011011001011011000111100110110100000011110010 0010110110011100000110111110010001111011100100101010001110100111100000011110
1011101001000001111111001110110111101 10101101101001
111100111001 01100010100010111001011001000111101001111110011010001011110101110001101
101110111010101010100111011 011000011110001011110110100111
111110100010010010011000100011001101100010110110 00101100110001011000100001000101111001100010100100011011011000
110011011111111101011000110110101010010001 01010100101011010110111011101
1001101100010 000110101
0011010101100110011010000110111000110101101110110110001101010 10
100001001000010111111000000010101100 100100110001010010010010101110101011100110011100100010000101010
01111010111000110011 00001010111100111000011100
0100110001101111100011100110000001100001111011010111 11001001100010110011111000111111000010101000
1010010110000000010100001010011010011000001111101011100101101101111111011 0000001011011101110100100010001101
110101000111110000111101 11110110011111000001101100101010001010111110101001110010101101
010100010100010010111010010010011110100100000110010110110111110 0100000101000100101000100110111101100101110110010001001010111
1101110010010110010001 0101111101000010001
1101110100010111100100110110101111001100001000011111100101 1100111
0001010100110010100010011010011001101 1101100110011111101101010001011011010101000010001110000110011000
100101110110011010000011001010001110101100010101001101001 10010001001011011000010010110010010010110
0010011110101001110100010101110011110111111011010111100 01101010
10000100110001001001001011111010000011111 00000011001
011011 0101101111000010001100001101111111011111111011110100110000110100001110111000000
100001111101010100101 111011110000
101111001001011010101111110011100111010111011011101000011011111100111001010010 00000000000110000110110000001011100011100111
0011111 010111110000001101111111101000110101001111111111001010011100
10010101011001110111100001011111100111100001 110101001000110010101011010011111
1110011110110100001101110100000100110101100001011000001001000011101100010 10000101011000001100101110000011010000111000000111001010010011101000
0010101110101111011011111110100110010110101 110101
11000001011010100101001000010000011101000010001110110111 110111101110011101001011001001111001100110001011101
00110001011110000110000100100111010101010 010100011101101001011011110001000011010010100
000111011111100011100100100101010111011101111000001110001 1101111
010100111010000110000111000101110100000111 001001101010001001110000111110101011001110111011010000111010
0001001000000101110110100010 00001
0000001011110011101111011101010 010111
01001101011001000111010100110011010101010100100111101010 111101011101000101010101101111010011100111001001001011111001101101000010100010
10000010000001010010100000001110111 010100100100000110101011101011001101100001101010110
100110010001111011011000111100010111011010001000 1110111010000100110111000
00111101011100100110001110110111100 0000101101110000110010010000010
00101110000011011101111100101010111101000 001110101100
111111110110001111010001001000011111000010000011000001 1110010111011111110001100000
111010101001011001000100100110011 001111010101011110001110000001110000111010011111010110010000010100
001000111111011000001101000011011 100010100000000110001001111110101110100001101111100010101001111010001101100110
101 10010010111001101110110111011110100110010011101011001101110110111101001101000100
001000110100101010101000101101101000011111101110010101000011101110010 11010100111100110000001110111100010100011110011011000000001
001100000111101010010000100110110111110010010100000111001000101010 011101011100011001000010000001011011011010111111010100000110101000101
0001110 10010010010000101011001110101110110110011011110001011100
0111001110110011010 0111110111111000
11111010000 0010100010111000000000100111
10011100101001001111110101001110010001100110001111 0011
11001111110110000100010110001000 10111000000101011101111110000100
101011100000101100010111100110011110010100 11111001100001111
