100
56 113
49 19 35
3 13 35
30 2 28
25 27 35
25 34 35
14 22 28
5 11 35
15 29 35
21 34 35
30 23 35
56 35 35
54 8 28
36 39 36
52 3 33
19 38 35
14 16 28
43 31 35
53 56 53
15 26 35
44 11 28
49 37 35
32 56 7
42 51 35
39 5 35
53 22 53
11 51 35
49 13 35
14 19 28
38 6 35
38 18 35
4 29 35
8 48 28
17 50 17
45 20 35
41 15 35
41 49 38
5 55 35
41 21 35
7 48 7
34 20 7
2 33 35
47 40 28
19 20 7
25 12 35
12 37 7
14 43 35
22 8 28
36 30 28
28 22 28
12 11 53
44 16 28
49 38 38
38 42 38
48 51 35
44 1 35
16 17 35
43 5 35
9 56 35
30 7 7
14 27 28
15 35 35
5 55 35
32 39 7
35 17 35
3 2 35
10 20 35
55 21 35
20 24 7
28 21 35
38 43 35
51 38 35
24 12 28
16 41 35
2 18 7
42 38 38
38 25 35
23 18 35
18 36 7
2 50 35
44 43 35
47 54 28
38 47 35
43 14 35
9 49 33
54 48 44
27 14 28
34 39 53
3 45 35
11 13 35
49 38 38
22 25 35
49 12 35
52 1 52
38 20 35
46 41 38
24 19 8
23 50 35
32 44 7
15 20 35
25 7 35
45 35 35
15 50 35
49 28 35
48 12 28
1 9 1
39 4 28
3 49 10
14 46 35
45 40 35
17 37 35
1 37 35
7 2 7
13 6 35
45 32
42 38 24
11 3 24
33 31 24
30 45 26
27 16 24
13 8 24
28 7 27
14 36 27
26 13 26
9 18 24
36 26 24
42 25 42
36 29 24
22 3 26
31 20 41
32 17 24
42 43 24
40 20 24
15 1 37
9 34 24
28 42 27
30 29 24
39 29 24
13 10 26
35 24 24
1 24 24
45 25 24
33 44 24
18 39 24
27 6 24
12 35 26
12 16 26
42 22
3 38 26
8 23 33
15 12 15
3 36 36
20 22 15
29 40 25
28 1 28
37 27 33
9 26 26
22 7 33
33 18 33
28 11 33
37 24 28
24 5 33
5 21 5
27 6 15
20 2 33
20 28 33
32 24 33
35 23 33
34 15 33
40 1 25
47 96
20 16 44
24 13 39
31 26 26
25 26 26
16 1 44
13 12 39
44 21 44
38 33 38
7 27 38
10 21 39
37 5 26
40 36 39
25 46 39
17 36 39
13 32 39
26 2 38
39 10 39
9 36 39
37 38 38
29 18 39
17 27 38
26 21 39
4 22 44
28 39 39
25 19 26
1 16 44
24 40 40
24 36 39
20 40 12
46 18 39
10 3 26
30 26 26
42 26 26
19 36 39
32 22 38
14 4 44
19 3 26
23 25 38
3 38 38
23 2 38
19 23 38
3 45 9
20 13 39
25 19 26
22 10 38
43 4 44
22 45 38
9 16 44
28 45 26
16 43 44
18 30 26
39 19 39
7 13 39
20 6 20
27 3 38
3 34 26
1 30 26
42 45 26
19 27 38
15 7 38
28 5 26
43 36 39
8 45 26
42 47 39
15 18 38
6 13 39
30 46 39
31 10 10
11 5 11
11 44 44
6 30 26
14 47 26
21 27 39
28 25 26
3 7 26
5 44 44
22 17 38
21 43 39
1 21 39
34 24 18
29 22 39
41 32 32
41 10 26
6 39 39
37 40 26
23 28 38
12 8 26
3 12 12
2 6 38
40 20 26
41 32 32
19 25 26
47 18 39
12 19 26
3 39 39
38 22 38
41 74
8 32 41
38 13 41
35 27 13
8 17 13
28 7 41
3 16 41
4 3 41
35 30 30
27 12 41
10 14 40
37 10 41
25 28 41
35 24 41
7 8 13
23 25 13
8 21 13
4 22 41
18 24 41
36 8 41
11 32 41
10 11 41
35 18 41
30 16 13
22 39 41
13 23 13
11 36 41
12 34 41
1 33 39
18 1 40
16 27 13
11 27 41
13 33 41
26 36 41
11 37 34
26 25 41
18 26 40
15 9 41
21 26 41
5 2 39
10 18 40
35 8 13
29 2 29
39 33 39
18 19 41
40 2 40
39 21 41
8 20 41
33 21 41
37 12 41
9 4 9
1 29 39
4 26 40
15 23 41
39 28 39
36 39 41
13 17 13
19 15 41
15 32 41
9 5 9
21 41 41
26 1 40
29 26 40
17 1 41
7 32 41
37 7 41
37 41 41
16 21 13
34 12 41
29 24 41
9 23 41
23 37 41
12 27 41
19 26 41
7 2 41
36 88
9 23 23
12 24 20
26 14 23
32 16 16
34 32 20
7 17 17
31 10 23
36 18 34
22 35 20
31 23 23
4 1 21
2 1 21
21 15 20
35 32 35
32 12 20
9 36 21
4 2 29
20 3 20
34 36 34
4 25 16
10 9 23
19 4 21
25 20 16
33 15 17
5 30 16
28 14 21
18 13 34
21 4 21
28 32 20
11 16 16
28 24 20
5 16 16
30 24 17
18 16 16
2 25 16
14 19 21
29 18 21
20 24 20
34 33 20
23 21 23
7 23 20
35 20 20
27 28 23
14 24 20
3 20 20
1 12 22
35 2 20
23 32 20
24 13 20
29 2 29
1 21 21
10 22 23
26 19 23
21 6 16
2 23 23
29 34 35
31 19 34
17 24 17
32 17 17
28 26 23
10 9 23
32 5 16
26 25 16
33 1 20
12 18 34
17 10 20
34 31 34
13 34 34
15 36 20
16 21 16
17 14 20
9 4 29
19 5 16
29 1 21
24 20 20
28 6 16
32 33 35
5 30 16
6 35 16
26 17 20
25 18 16
22 2 21
6 5 16
7 33 17
23 4 23
28 12 34
29 7 20
27 36 23
54 12
21 43 47
47 25 47
25 6 47
11 2 14
35 48 47
49 11 47
32 34 47
35 9 47
43 13 14
52 12 47
26 2 47
8 51 47
47 72
32 16 2
28 39 2
2 45 2
42 5 26
13 42 26
6 31 26
11 42 26
8 3 17
47 20 26
16 11 26
15 39 8
41 23 26
25 32 26
12 20 34
3 23 26
17 2 26
47 10 26
4 22 26
18 35 26
34 16 2
7 25 26
45 43 2
47 25 42
1 21 26
13 27 13
36 19 6
29 31 26
32 11 26
23 12 26
29 41 2
6 30 40
39 29 8
15 5 26
28 32 2
26 43 26
37 11 26
25 12 26
16 1 35
38 9 43
38 40 2
36 22 2
38 35 26
24 37 26
7 17 15
25 23 33
16 25 28
29 3 2
32 21 26
16 45 2
2 37 2
31 3 11
3 6 2
45 13 26
33 15 34
34 35 26
16 47 26
4 28 26
44 41 2
26 14 26
35 41 26
6 28 2
35 28 26
14 39 2
44 21 21
9 15 34
44 12 26
19 46 2
43 11 26
3 21 45
38 42 34
16 45 2
2 26 26
57 57
33 32 8
15 27 8
54 16 49
7 41 55
27 30 11
21 33 8
31 14 11
37 53 11
46 18 11
26 13 8
19 49 8
49 53 11
42 9 8
7 48 11
53 32 11
43 28 11
49 1 49
46 37 11
10 30 20
41 13 32
52 40 11
52 13 8
2 13 32
31 11 11
41 38 8
32 11 11
23 11 11
50 9 8
42 24 11
23 26 8
45 50 11
50 24 11
26 8 8
49 9 8
52 31 22
16 10 11
41 38 8
10 2 11
1 52 8
52 10 11
7 18 11
41 51 11
45 28 11
36 4 8
8 55 55
35 7 11
3 39 11
27 24 11
38 25 8
28 37 11
6 49 11
17 48 17
10 31 11
1 16 49
57 8 11
57 6 11
17 28 11
17 10
16 6 8
10 17 9
8 5 9
14 2 8
10 12 9
12 11 9
11 8 11
10 11 11
9 16 9
14 11 11
59 26
52 28 55
54 35 55
39 24 55
10 1 10
7 17 55
36 1 41
31 20 41
10 20 41
47 58 46
34 55 55
1 42 41
42 11 46
26 10 17
45 25 45
19 24 55
4 1 55
4 52 55
31 59 31
4 43 55
45 37 17
8 46 41
9 32 41
19 17 17
50 27 55
19 17 17
48 42 55
9 64
9 5 5
7 9 6
2 9 5
4 6 4
3 8 5
6 2 5
7 1 5
9 6 6
8 5 5
1 2 1
2 5 4
2 1 1
9 4 4
9 4 4
3 5 5
1 3 5
9 6 7
1 5 5
5 3 5
1 2 1
3 2 5
5 1 5
1 7 5
5 9 8
9 3 6
5 9 5
1 8 5
5 6 4
3 7 3
9 3 6
7 4 4
7 8 5
8 4 5
3 4 2
8 1 2
6 9 6
5 2 5
6 8 5
2 6 5
3 7 3
5 4 5
9 7 6
3 1 5
5 9 5
6 2 5
6 5 5
3 7 3
5 4 5
1 5 5
2 4 5
2 9 5
7 3 3
3 6 6
7 1 5
9 8 5
4 9 9
5 8 5
1 4 5
3 6 6
9 7 6
9 8 5
9 3 6
4 3 4
3 1 5
51 103
16 29 29
11 2 47
32 39 9
17 51 35
44 34 9
45 26 26
40 25 9
12 2 9
30 12 9
16 48 43
39 11 47
19 48 43
9 18 9
44 6 9
29 25 9
33 37 29
36 30 9
30 6 9
27 3 47
17 31 17
37 9 9
23 9 9
25 42 12
32 39 9
35 13 34
33 45 9
35 1 9
50 37 9
14 21 9
18 22 9
40 49 9
25 1 25
34 15 9
7 49 9
4 7 9
47 51 9
23 8 9
3 17 50
30 28 9
17 28 9
4 28 9
37 17 9
12 49 25
24 37 9
24 34 9
33 43 43
34 33 34
15 6 9
46 42 9
11 10 9
4 12 9
47 27 47
16 38 43
46 3 14
30 1 9
27 23 9
15 30 2
4 36 9
24 39 47
22 9 9
14 17 2
7 14 9
33 19 43
5 27 9
25 2 9
34 18 34
33 36 9
17 41 47
25 6 9
24 22 47
46 16 9
39 47 47
15 10 9
43 30 9
44 49 25
47 40 9
25 38 9
24 37 9
21 35 9
20 29 29
39 37 9
14 3 14
26 40 9
44 45 9
35 16 43
14 40 9
47 11 47
50 41 9
40 23 40
27 29 9
50 8 9
51 6 9
20 37 29
33 51 9
29 4 9
46 35 9
31 41 47
16 37 29
9 10 9
42 51 25
10 39 9
10 40 10
31 30 2
34 58
12 1 23
31 33 14
25 10 23
18 5 23
9 1 14
33 13 27
15 18 23
33 7 23
11 1 14
18 25 20
7 28 23
4 25 23
30 23 23
17 10 14
2 30 23
2 11 14
11 29 19
19 5 14
2 12 23
25 8 20
18 21 23
27 21 23
9 6 23
20 10 23
1 5 1
22 28 14
17 15 14
7 22 23
26 34 23
6 23 23
2 21 23
30 16 20
18 10 23
27 30 23
17 25 23
28 13 14
27 19 4
32 23 23
1 29 14
26 1 23
14 19 14
10 33 2
34 15 14
4 13 14
13 5 5
31 17 14
15 17 14
2 1 1
32 22 14
1 13 1
22 4 3
30 7 20
9 6 23
1 33 1
2 8 23
20 11 23
4 18 23
18 6 20
60 120
55 42 25
45 22 25
46 6 4
1 11 25
30 33 25
35 5 25
25 20 25
25 23 25
43 51 4
37 58 9
34 49 9
19 34 45
27 6 4
35 48 4
47 36 25
17 30 25
1 59 25
23 21 25
49 48 4
60 6 4
58 8 4
51 47 25
17 5 17
8 50 4
32 19 4
56 25 25
17 25 25
3 10 25
34 57 9
17 45 25
60 26 25
13 27 25
31 20 4
26 24 25
42 35 4
46 4 4
8 27 4
21 9 25
12 30 4
60 35 35
2 60 4
32 6 32
52 58 9
38 19 25
34 14 25
29 47 25
7 57 7
5 38 17
54 56 4
12 4 4
29 30 4
29 35 4
53 3 25
47 22 25
41 54 25
52 24 4
11 44 25
16 38 17
43 9 9
37 4 4
56 18 25
46 36 36
43 13 25
30 13 25
4 10 4
27 29 9
46 14 25
53 42 25
33 2 25
58 60 4
33 15 25
9 41 25
42 1 4
49 23 9
47 43 25
9 57 9
17 60 25
8 58 4
23 52 9
7 4 4
48 35 4
51 34 4
42 48 4
25 21 25
31 51 4
13 39 25
13 53 13
27 21 25
54 42 4
38 40 55
59 42 25
44 56 4
53 30 25
41 8 25
28 22 25
5 11 25
16 17 17
11 3 25
50 59 25
25 33 25
38 2 25
4 59 25
1 19 4
32 50 4
54 13 25
9 52 9
3 39 25
26 46 25
28 42 25
18 48 25
7 2 2
41 6 25
32 4 4
22 35 25
28 20 25
7 3 25
47 58 25
21 34 25
8 20 8
51 5 25
58 67
31 26 40
34 24 57
52 37 47
56 55 40
44 47 47
21 20 57
27 47 57
10 17 17
44 19 40
35 26 40
43 33 33
6 21 15
5 28 57
24 29 40
26 7 40
8 25 47
57 15 57
55 41 40
14 4 57
40 14 40
56 33 40
49 28 57
39 8 47
25 8 47
53 30 57
38 25 47
58 37 47
7 55 11
33 46 33
53 47 57
20 11 57
45 1 57
49 22 38
43 50 2
21 49 57
8 55 40
9 32 47
9 47 47
33 36 40
50 18 40
38 56 57
15 17 15
15 38 9
4 19 40
32 44 47
41 27 40
51 9 57
2 15 40
18 25 47
21 54 57
44 26 40
57 4 57
57 13 40
44 41 40
12 8 47
32 1 47
33 55 33
10 5 57
44 11 57
39 9 39
57 47 57
48 10 57
8 19 40
10 34 5
3 56 57
57 7 12
44 41 40
3 1
1 2 3
40 25
27 34 19
21 2 19
33 3 19
2 28 3
30 26 12
5 39 19
3 15 34
16 12 36
34 15 19
5 34 21
39 26 19
31 19 19
7 25 19
30 17 21
27 5 19
11 9 19
24 12 36
21 37 21
29 23 22
28 27 19
22 1 22
19 2 19
36 28 19
39 35 19
21 9 5
25 76
21 11 13
10 2 5
25 10 13
6 2 23
23 10 23
23 6 23
10 9 12
10 3 13
15 4 13
20 18 13
15 18 18
6 18 18
14 11 11
18 24 18
18 1 18
25 12 13
13 22 13
6 10 12
8 24 13
15 3 13
14 9 13
17 9 13
15 2 2
7 8 13
11 24 13
3 2 13
21 16 13
24 5 18
17 22 13
3 20 3
23 15 23
5 4 13
18 20 13
16 5 16
18 8 13
5 17 13
22 3 13
6 8 5
24 20 13
7 20 13
1 17 13
15 12 23
18 22 18
2 10 23
13 22 13
22 3 13
24 13 13
10 17 13
14 22 13
22 2 18
24 23 23
3 19 13
21 10 13
22 25 13
18 1 18
6 8 13
2 12 23
12 25 13
14 16 13
10 12 6
8 2 13
4 8 13
21 23 13
18 21 13
1 25 13
19 6 12
2 4 13
15 19 23
10 13 13
13 21 13
12 10 12
25 20 13
13 3 12
19 10 12
4 22 2
18 15 18
20 30
8 6 8
14 5 4
18 15 4
7 6 8
12 16 4
9 15 4
18 2 4
8 13 8
14 17 4
2 8 8
2 20 17
12 10 4
1 3 4
5 3 4
5 2 4
19 16 4
7 9 4
3 10 3
5 11 5
13 6 6
6 9 4
18 20 4
5 18 4
8 14 4
6 9 4
16 3 3
15 20 8
10 18 18
16 9 4
11 18 4
31 32
2 1 9
10 19 9
20 7 5
18 8 19
12 25 9
2 25 20
30 2 2
28 16 5
13 19 19
21 4 5
7 9 9
20 9 9
21 27 9
21 7 5
30 6 9
5 1 9
6 2 9
17 27 9
2 6 9
1 3 3
9 24 9
17 10 5
7 12 9
1 26 9
24 11 5
9 7 9
29 5 5
20 15 20
8 1 19
7 4 5
14 26 9
31 3 9
45 97
20 5 44
7 4 44
1 34 25
7 18 5
45 34 8
17 44 44
22 29 22
39 12 12
41 9 21
6 16 44
19 40 8
22 41 5
33 30 44
14 42 21
27 38 5
16 20 44
10 24 25
36 17 44
31 1 44
35 12 8
1 5 5
28 29 5
40 36 44
20 36 37
15 6 44
5 40 8
14 15 21
42 26 44
31 22 44
34 11 25
24 43 44
22 18 5
14 24 21
31 10 44
38 3 25
45 12 45
22 18 5
35 42 25
7 25 5
38 19 18
31 39 44
1 30 5
32 5 5
37 27 44
19 27 5
41 42 7
17 24 25
15 34 18
2 16 44
39 7 44
5 7 5
42 7 5
19 36 44
27 38 5
38 16 38
3 42 1
2 36 44
41 1 21
4 15 44
4 15 44
19 11 25
27 41 5
29 37 44
7 12 8
1 10 25
17 35 18
40 3 8
8 38 8
35 41 21
22 41 5
32 31 44
3 19 25
45 39 44
21 36 44
10 4 44
43 20 37
12 11 8
44 20 44
20 42 44
5 26 44
35 42 25
19 4 36
22 7 22
37 42 44
20 18 44
17 33 44
20 16 44
7 15 5
5 1 42
33 6 36
40 1 8
14 17 21
45 26 44
8 17 8
25 38 25
39 2 39
1 24 25
60 120
58 19 43
1 31 43
11 23 30
23 25 30
13 30 30
22 50 43
26 56 43
15 51 30
22 47 43
57 55 30
60 15 43
1 21 43
22 4 43
60 41 43
27 8 43
1 31 43
45 50 30
26 25 20
45 19 35
11 37 30
51 12 20
45 57 30
20 53 43
14 25 30
26 36 30
31 24 43
48 11 30
60 22 43
33 25 43
60 54 43
3 1 43
23 21 30
53 21 43
9 17 43
55 7 43
54 43 43
38 43 43
6 29 30
39 35 30
40 32 35
2 9 43
4 23 30
49 60 43
34 37 30
48 42 34
42 14 34
20 39 30
8 34 34
2 28 43
43 48 43
2 44 43
4 35 30
18 2 43
37 60 43
38 45 30
44 50 30
3 2 43
43 28 43
14 9 43
39 38 34
16 11 30
27 44 43
9 40 43
44 45 30
47 15 30
56 16 43
49 37 30
4 50 30
46 29 43
55 1 43
37 22 43
23 26 30
53 47 43
57 39 34
36 17 43
54 18 30
25 16 30
42 48 34
11 38 30
10 54 43
17 54 43
19 42 30
53 30 43
3 46 3
28 5 43
52 51 30
56 14 43
8 28 43
40 55 30
17 34 43
38 43 43
47 20 20
13 28 43
18 1 43
32 8 30
53 17 43
13 24 43
27 57 43
55 21 30
29 21 34
40 60 43
45 5 30
58 27 27
32 38 30
33 32 43
37 16 30
39 14 34
3 16 30
23 21 30
50 16 30
3 48 30
22 19 43
52 34 30
2 4 43
24 35 43
38 52 30
31 53 43
24 14 43
29 2 43
58 8 43
60 120
1 15 17
30 35 14
37 56 14
35 36 45
8 11 14
22 3 14
55 23 14
50 9 53
5 21 22
43 17 14
41 5 14
48 8 14
40 4 45
9 2 14
7 53 14
28 9 14
44 25 14
55 6 14
21 7 39
43 38 39
52 16 14
41 45 45
35 58 45
12 40 45
6 26 14
4 29 14
27 11 14
56 13 14
33 39 14
49 30 14
52 14 14
7 56 30
1 19 14
40 5 14
49 51 17
15 25 14
58 24 45
5 42 14
35 22 14
3 36 14
51 26 14
17 37 14
7 30 30
20 21 14
33 55 14
43 52 14
18 11 14
45 39 14
47 20 14
54 51 14
5 31 14
18 4 14
10 54 14
39 11 39
33 10 45
48 55 48
18 29 17
60 47 14
48 20 14
23 51 14
4 33 45
38 46 14
46 50 14
13 34 14
24 36 47
33 7 14
28 1 14
15 50 14
20 5 14
17 59 14
37 60 14
54 58 14
43 30 39
40 34 14
20 45 14
39 33 14
26 14 14
31 3 14
38 56 38
50 38 14
27 29 27
56 53 14
26 43 39
58 54 14
8 56 14
12 26 14
21 44 14
13 50 14
57 51 14
41 39 14
4 16 14
2 10 45
23 25 14
26 5 39
6 28 14
41 60 14
54 23 14
29 59 14
58 32 14
58 54 14
48 17 14
4 8 45
27 53 14
33 19 14
6 55 14
28 45 14
13 25 14
9 14 14
44 10 45
27 24 14
35 12 45
25 44 14
47 19 14
34 40 14
21 55 57
16 9 14
41 23 41
57 17 14
13 28 14
38 6 14
60 120
12 15 3
4 26 58
17 24 3
56 40 12
47 22 3
60 57 3
23 45 3
60 4 58
37 28 52
60 52 52
47 5 3
44 10 52
45 22 3
18 21 3
46 18 3
49 40 52
43 19 19
3 14 3
34 56 48
59 8 48
9 17 3
11 39 3
10 12 3
39 6 3
50 24 58
18 54 3
39 54 3
13 5 5
12 37 3
48 32 3
58 60 58
54 51 58
13 5 5
54 36 48
48 20 48
15 29 52
12 46 3
44 48 48
6 52 52
16 6 52
7 11 3
43 10 48
14 55 14
11 36 3
7 8 48
32 23 3
45 36 3
57 55 3
56 44 48
21 16 58
57 32 3
37 23 52
40 27 3
28 20 52
55 29 3
33 52 52
28 24 58
25 38 48
2 45 3
14 55 14
52 42 52
12 3 3
4 22 3
3 47 3
16 25 48
14 22 9
39 9 30
35 17 3
20 9 3
30 11 3
51 23 51
7 60 58
37 35 29
31 39 3
42 17 3
32 25 3
46 58 3
22 54 3
25 3 3
8 17 3
9 3 3
40 32 3
7 59 58
30 20 52
40 50 52
28 35 52
2 25 48
38 47 3
60 49 58
35 41 29
31 48 48
6 12 3
54 40 52
41 33 52
59 28 58
33 47 3
15 13 52
43 14 3
58 34 58
20 37 52
56 33 48
30 37 52
20 48 48
60 34 58
24 13 52
25 34 48
38 59 48
41 11 3
40 22 3
50 47 3
57 43 39
43 16 48
34 60 58
19 56 19
50 31 52
21 57 3
33 57 3
11 58 3
6 31 29
11 32 3
60 120
5 14 14
23 11 14
56 26 14
17 48 14
20 36 14
59 34 14
50 11 50
44 29 14
52 56 14
52 23 14
51 56 14
12 10 1
47 5 14
16 41 1
43 28 14
3 35 7
47 32 4
7 5 14
55 25 14
19 4 4
31 2 45
18 36 14
3 31 14
3 38 7
30 6 7
20 39 14
60 38 4
17 6 14
1 7 14
52 5 14
41 27 1
28 52 14
12 8 53
16 31 53
53 11 14
18 20 1
41 29 14
38 19 4
7 21 14
34 11 7
30 23 14
21 35 14
27 19 14
3 22 7
46 20 14
24 29 14
26 44 14
26 53 14
16 54 14
5 58 14
10 26 14
18 60 14
34 7 7
15 29 14
17 53 53
42 52 14
45 19 14
31 35 14
54 21 14
13 34 14
6 10 14
21 58 14
38 52 7
48 54 7
30 54 7
43 40 7
30 40 7
55 56 1
24 2 1
12 27 53
50 23 14
43 5 14
31 20 1
10 44 14
30 2 14
40 58 7
52 47 7
27 2 53
53 49 14
31 51 14
55 24 1
54 27 14
16 4 14
16 8 53
26 20 14
54 22 7
50 16 14
32 19 4
3 55 14
37 32 14
58 25 4
51 19 14
45 6 14
5 31 14
34 48 7
18 24 1
43 13 14
57 41 14
12 30 14
17 25 14
58 60 4
48 41 14
56 2 1
34 60 4
58 13 14
32 41 14
28 10 1
47 31 14
21 47 14
44 31 14
29 22 14
27 54 14
5 11 14
5 24 14
16 42 53
24 45 1
29 6 14
35 59 14
45 47 14
60 30 4
28 115
27 19 18
14 11 18
18 23 28
16 2 28
23 5 28
9 11 28
6 3 18
25 17 28
22 26 28
7 17 7
23 6 28
17 11 28
7 22 28
18 21 28
13 25 28
19 18 18
7 6 28
21 1 28
6 24 28
3 13 28
10 23 23
15 28 28
14 7 28
28 22 28
18 13 28
13 3 28
13 17 13
18 11 18
11 22 22
8 16 28
11 7 28
15 1 23
15 22 28
22 28 28
7 23 28
23 1 23
15 25 28
9 12 28
15 17 28
8 26 28
26 21 28
5 27 18
13 11 28
10 22 28
6 13 28
19 17 28
24 18 28
19 22 22
15 18 28
2 12 18
12 4 18
23 13 28
24 12 28
23 26 23
16 11 28
25 7 28
5 15 28
14 1 28
6 2 18
23 18 28
6 20 28
15 17 28
12 3 3
23 13 28
2 24 28
22 18 18
4 16 28
1 20 1
24 8 28
14 25 18
17 16 16
10 11 28
22 1 28
12 27 18
5 26 28
1 10 23
10 2 28
7 15 28
11 4 18
28 14 28
3 8 28
26 19 28
6 8 28
14 16 28
12 9 28
3 22 18
11 17 28
18 9 28
15 23 23
25 26 28
5 14 18
5 28 28
23 16 28
10 27 28
7 17 7
11 18 18
13 17 13
8 13 28
24 8 28
26 27 28
21 5 28
11 13 28
21 10 28
16 13 16
1 25 28
12 20 28
14 2 18
12 27 18
4 15 28
3 17 28
16 2 28
17 3 28
4 9 28
5 6 18
23 17 28
7 74
7 2 7
2 7 7
5 1 6
2 4 6
1 6 6
4 1 6
5 6 6
7 1 7
7 6 7
7 6 7
4 7 7
6 7 7
2 3 3
2 4 6
7 3 7
7 6 7
4 5 6
2 4 6
5 1 6
3 5 3
2 6 6
2 6 6
4 5 6
2 1 6
1 6 6
3 1 6
7 1 7
2 3 3
7 1 7
6 7 7
6 4 6
4 2 6
6 3 6
7 4 7
5 4 6
4 3 6
4 3 6
1 5 6
3 5 3
3 2 3
4 3 6
1 6 6
5 7 7
1 2 6
7 1 7
3 5 3
6 1 6
2 4 6
4 5 6
1 3 6
2 6 6
4 3 6
6 1 6
2 4 6
6 2 6
6 3 6
4 1 6
4 7 7
5 4 6
6 7 7
6 2 6
5 6 6
6 4 6
4 6 6
6 4 6
1 6 6
7 5 7
1 4 6
1 4 6
1 7 7
4 3 6
5 2 2
4 2 6
6 5 6
28 52
23 21 5
17 12 17
4 19 5
1 7 5
2 27 5
9 26 5
3 8 5
1 18 18
11 17 5
10 14 5
8 15 5
17 8 5
13 23 4
25 18 18
4 20 5
15 6 5
1 20 1
10 13 13
10 19 5
6 13 5
6 22 5
2 23 5
12 17 17
8 12 5
16 13 13
5 19 5
6 22 5
4 13 4
3 13 4
21 19 5
21 11 5
16 8 5
20 16 5
20 28 28
20 4 5
6 25 1
27 13 5
22 9 5
6 26 5
22 1 5
5 1 5
19 11 11
13 17 5
5 9 5
26 24 5
8 27 5
15 26 4
10 4 4
9 5 5
18 21 17
6 26 5
4 7 5
37 61
37 10 15
37 13 32
11 34 9
16 9 9
20 2 32
16 30 32
12 5 34
14 35 16
15 16 32
1 28 9
5 3 9
34 25 9
23 36 31
27 1 9
25 12 9
6 11 9
16 10 32
7 15 32
28 3 9
10 32 32
6 31 9
29 7 16
16 5 9
30 6 9
16 20 16
36 11 31
12 24 9
14 28 16
29 25 32
4 23 9
16 4 9
16 4 9
11 35 16
12 25 9
19 7 32
12 10 9
37 26 9
25 37 15
20 31 31
2 27 9
18 6 9
27 20 9
6 24 9
8 29 9
21 28 28
4 36 9
33 12 34
3 35 9
1 8 9
32 19 32
26 32 9
33 10 9
22 9 9
31 28 31
13 29 31
14 34 9
8 32 9
33 6 9
32 27 9
23 20 16
6 36 9
60 120
14 1 13
50 14 23
1 34 57
31 21 57
34 52 57
51 42 22
60 21 22
21 45 13
52 20 13
34 46 57
3 33 13
41 58 13
26 39 13
16 32 13
36 48 13
19 9 22
47 44 22
57 8 13
40 23 13
16 30 22
38 49 13
28 22 22
51 16 22
40 41 22
24 42 57
9 59 13
19 42 57
44 8 13
29 59 13
21 48 22
55 16 22
51 19 22
34 5 13
41 36 13
33 60 13
21 33 13
39 20 13
32 33 23
3 41 6
42 21 42
18 45 13
17 55 13
9 48 9
14 22 13
33 56 13
1 47 6
48 33 13
32 9 13
50 22 13
17 53 13
54 44 22
16 41 22
52 44 22
60 52 22
56 50 13
33 21 13
47 7 22
37 9 9
39 24 22
3 56 22
28 43 28
53 27 13
23 2 23
23 39 13
15 13 13
59 16 13
40 44 16
9 18 22
10 27 13
46 51 22
40 59 13
10 27 13
3 7 22
11 50 13
14 40 13
14 21 13
13 15 13
15 25 13
44 46 22
34 5 13
42 27 13
38 47 22
20 55 13
14 15 59
2 59 23
52 35 22
54 43 6
32 13 13
30 49 13
35 52 22
55 2 13
49 26 36
44 4 13
25 22 22
55 36 13
46 3 6
52 26 13
42 11 22
55 12 22
4 1 13
32 30 13
3 46 6
59 56 13
42 59 13
51 29 22
15 1 13
52 33 13
46 7 22
10 8 13
24 44 22
53 13 13
35 22 22
45 43 13
18 3 6
33 23 23
3 58 13
46 7 22
58 42 13
54 31 6
1 34 57
46 103
32 3 11
44 43 15
21 32 25
6 20 11
34 12 25
28 30 25
43 28 11
19 16 25
37 22 11
23 13 25
13 35 25
38 40 26
29 2 5
19 21 25
33 29 26
17 35 25
45 28 11
10 2 25
20 40 32
39 19 11
14 12 25
21 27 25
34 1 11
37 16 25
28 20 11
5 18 11
35 2 25
19 38 15
35 32 25
40 44 25
36 25 25
27 45 26
5 16 25
27 19 5
27 41 5
32 26 26
38 20 26
20 41 26
4 24 25
23 26 25
34 28 11
11 6 11
2 23 25
35 32 25
9 41 25
20 36 11
28 31 11
37 12 25
43 44 15
24 2 25
35 26 25
33 16 25
46 4 25
34 7 11
37 6 11
23 20 25
26 34 26
42 8 25
41 6 11
30 43 25
36 39 39
2 22 11
25 27 25
41 38 15
9 13 25
41 3 11
35 42 25
37 7 11
20 17 26
30 21 27
28 41 11
14 43 25
2 46 25
10 14 10
29 25 25
22 3 11
20 18 11
15 23 25
44 35 25
20 35 25
32 12 25
3 23 25
31 27 5
37 16 25
5 26 26
23 17 25
20 14 25
33 22 11
44 40 25
13 6 11
21 35 35
24 31 25
38 12 25
29 25 25
14 1 25
28 25 25
31 7 11
12 18 25
28 31 11
14 20 25
25 2 25
26 16 25
46 9 25
58 31
7 9 9
22 57 22
30 3 48
37 36 48
35 33 22
14 18 48
58 55 22
38 39 4
14 32 14
53 29 39
22 39 4
16 49 48
29 37 4
49 28 22
51 47 48
31 44 48
27 38 48
45 19 43
35 10 4
9 51 48
27 55 22
34 1 48
17 12 43
8 24 48
20 15 48
38 52 48
14 2 48
41 48 48
28 52 22
15 22 22
8 36 48
3 3
1 2 2
2 3 3
3 1 1
39 73
39 12 35
35 21 35
17 11 35
28 18 30
28 4 35
10 23 35
15 2 2
9 20 10
2 8 3
5 13 35
35 12 35
7 22 2
32 7 2
21 9 35
2 1 35
26 21 2
1 33 35
30 27 35
1 35 35
12 26 35
7 33 2
24 11 35
33 5 35
30 28 30
6 23 35
22 21 2
12 36 35
32 5 35
32 18 2
12 28 35
31 17 2
10 21 35
24 15 3
7 37 35
7 9 35
8 1 35
29 16 10
21 37 35
16 4 35
7 27 35
11 28 35
32 19 35
3 14 3
10 4 35
8 26 3
8 17 3
22 31 31
6 32 35
33 30 30
38 35 35
30 1 35
12 5 12
28 23 30
13 19 13
15 12 35
33 5 35
11 8 35
14 6 35
34 36 2
38 22 2
26 14 2
21 6 35
11 26 35
29 14 35
28 30 30
12 29 12
26 7 26
14 26 2
39 19 35
26 1 35
8 7 3
27 19 35
22 13 35
50 80
36 16 36
43 3 11
49 32 32
8 49 49
5 19 5
42 38 36
19 27 11
18 6 11
15 35 11
26 4 26
20 48 11
2 38 11
41 42 36
28 30 11
13 46 11
39 17 17
45 34 34
11 48 11
18 16 18
15 13 32
13 1 11
24 13 11
27 30 32
29 11 36
3 50 32
13 32 32
45 38 11
47 46 21
5 41 34
23 22 36
1 24 26
21 31 11
41 42 36
50 5 11
49 32 32
28 8 11
34 1 11
2 24 26
49 38 49
45 9 11
1 16 11
29 28 36
36 35 36
37 6 11
23 11 11
19 37 11
29 16 36
50 46 11
3 30 32
33 35 28
32 4 11
31 38 13
13 37 37
39 7 11
17 30 32
18 44 11
37 7 11
23 40 11
34 9 11
46 48 11
49 40 49
11 39 11
32 23 11
21 29 36
28 31 11
28 5 11
14 36 36
42 33 36
23 36 36
42 47 36
24 40 11
2 13 11
6 40 11
4 31 11
12 38 11
24 50 11
18 12 11
39 10 11
23 41 34
14 34 11
19 115
3 14 6
9 2 16
14 13 16
13 2 16
16 10 16
13 1 16
4 1 1
18 3 6
15 18 6
18 4 6
4 7 16
2 11 16
19 2 3
9 12 16
3 12 16
8 16 16
1 14 1
12 14 16
15 12 16
10 13 12
6 12 16
6 15 6
5 10 16
12 7 16
19 13 16
7 11 16
6 7 16
14 3 6
4 5 6
7 15 16
17 8 16
5 8 16
15 5 6
5 15 6
9 13 16
15 3 6
4 10 16
18 4 6
16 11 16
14 7 16
13 18 16
18 1 6
16 3 16
15 5 6
14 11 16
6 18 6
13 11 12
2 8 16
18 19 6
17 3 16
19 7 16
18 7 16
19 18 6
12 5 16
12 7 16
2 8 16
13 1 16
1 14 1
7 16 16
16 19 16
3 6 6
5 12 16
14 3 6
7 16 16
3 12 16
18 14 6
13 3 16
13 17 16
14 11 16
19 11 16
3 14 6
2 19 3
11 3 16
6 11 16
12 5 16
14 17 16
12 9 16
10 17 16
9 17 16
1 18 6
15 7 16
8 4 16
7 10 16
10 16 16
6 11 16
2 7 16
10 7 16
5 16 16
11 7 16
9 14 16
5 2 5
13 8 12
16 17 16
6 17 16
5 17 16
4 16 16
1 16 16
2 5 5
18 8 16
6 3 6
4 19 6
6 11 16
8 15 16
4 9 16
15 3 6
12 13 12
7 19 16
17 1 16
5 9 16
16 1 16
16 12 16
13 12 12
9 16 16
19 5 5
12 8 12
37 48
17 30 12
28 18 23
1 27 22
29 4 37
2 22 22
3 26 11
19 23 23
32 22 22
12 17 12
27 31 22
17 35 11
11 33 22
17 15 22
24 28 22
11 25 22
21 12 12
5 31 22
5 33 22
29 19 11
14 11 22
1 31 22
28 5 23
17 2 11
1 11 22
19 1 22
23 32 22
13 9 22
10 25 22
24 20 22
4 16 22
31 35 22
9 7 9
8 26 22
21 23 11
19 15 22
3 17 11
26 10 22
9 19 11
8 34 22
8 16 8
37 16 22
29 11 11
21 5 11
23 17 11
19 14 22
6 33 22
11 33 22
24 14 14
59 106
1 49 24
13 18 24
49 33 24
45 41 24
40 31 25
47 3 47
25 40 25
5 25 25
22 46 24
17 18 1
34 35 42
47 5 23
11 15 24
33 51 24
23 7 23
34 46 24
56 9 9
21 19 54
31 7 25
36 59 23
52 3 23
32 20 24
19 32 54
50 34 50
44 29 24
34 43 23
7 8 54
30 6 54
52 42 23
10 56 54
48 15 24
24 38 23
32 21 54
58 40 54
33 19 54
5 7 23
38 53 23
59 27 58
41 1 24
36 3 23
7 52 23
13 44 24
30 17 24
25 30 25
41 37 24
30 10 24
32 7 54
43 42 23
13 3 24
33 12 24
3 6 54
9 10 54
50 7 54
43 6 23
42 16 54
30 44 24
18 51 18
11 21 54
25 2 49
31 19 25
32 46 24
53 50 24
57 44 24
51 24 24
32 25 25
54 37 54
33 47 24
28 33 54
11 39 54
56 37 54
11 42 24
56 11 54
29 57 24
54 9 54
28 25 25
55 18 54
46 22 24
48 3 3
44 48 24
51 57 24
30 53 24
23 48 23
41 36 23
31 18 25
53 36 23
18 13 24
19 4 54
16 32 54
24 35 24
13 38 23
30 29 24
37 47 24
4 41 10
47 52 23
42 3 24
45 44 1
18 23 23
11 4 24
48 55 54
57 41 24
34 59 54
34 54 54
56 13 54
49 40 49
59 46 54
35 34 42
44 104
12 43 39
2 24 8
32 12 39
16 10 39
24 14 8
32 11 15
1 32 39
37 9 39
6 20 39
4 35 28
36 28 39
36 27 27
13 19 8
31 8 8
16 11 8
9 26 18
13 30 39
22 13 39
4 17 18
33 42 5
18 10 39
14 24 8
40 1 1
2 12 8
8 15 8
32 5 39
43 20 39
41 43 10
22 23 39
4 20 8
8 16 8
10 7 39
6 17 39
14 43 39
25 38 39
34 40 8
22 37 39
18 22 39
11 24 8
3 35 39
37 41 39
25 9 39
32 37 39
4 31 28
5 27 39
7 16 8
27 18 9
3 28 39
14 33 34
3 24 39
10 30 29
24 6 39
44 21 39
32 10 29
19 44 8
23 15 15
32 36 29
39 30 39
13 14 8
24 26 8
24 2 8
44 15 8
36 34 39
44 1 28
22 5 39
5 31 9
9 10 39
18 43 29
23 26 8
41 3 29
36 33 39
34 26 8
31 5 28
8 30 39
14 36 39
28 22 39
6 27 27
26 12 18
33 9 8
34 1 8
26 38 18
40 13 8
1 34 8
4 13 8
16 1 8
39 9 39
42 9 39
44 28 28
19 5 8
4 10 39
43 44 39
13 5 12
31 19 8
2 44 8
17 33 8
33 29 39
23 9 8
41 17 39
41 21 41
19 37 39
20 39 39
39 34 39
8 14 8
31 5 28
38 98
4 37 9
37 7 9
2 37 9
8 7 9
23 10 23
21 12 9
11 27 9
9 17 9
16 25 31
31 8 9
26 18 9
27 33 9
17 25 9
4 29 31
11 33 9
10 17 14
16 19 9
4 25 31
28 19 14
16 25 31
7 4 4
11 4 9
22 32 3
29 24 9
35 25 9
2 12 12
12 38 31
29 4 31
37 35 14
21 28 21
26 33 9
4 2 12
29 17 9
34 11 9
30 5 21
24 2 9
38 34 9
14 34 14
36 13 9
7 35 9
4 23 9
16 38 31
21 1 21
11 36 9
29 32 9
15 11 9
19 20 9
14 1 14
21 4 9
28 18 9
26 22 26
14 20 9
23 6 9
25 7 31
6 37 9
27 35 14
6 18 9
16 12 12
24 22 3
37 16 9
21 4 9
34 17 14
22 26 26
1 35 14
6 27 9
10 26 26
23 33 9
16 3 9
22 3 3
6 36 9
10 2 9
11 12 9
29 33 25
36 16 12
35 26 14
11 12 9
30 20 9
33 35 9
23 7 9
11 30 9
9 29 9
37 15 3
31 32 9
36 33 31
28 32 21
17 4 9
23 27 23
20 16 9
33 35 9
19 21 14
15 1 26
25 17 9
24 26 26
22 27 3
30 28 21
7 3 9
29 26 9
5 33 9
7 4
7 3 5
4 1 2
6 3 6
6 4 5
18 113
18 10 16
2 16 16
9 18 16
11 9 16
1 5 5
16 3 16
13 15 16
3 11 16
16 13 16
3 11 16
5 13 5
15 2 12
9 15 10
14 2 12
2 3 12
11 6 16
13 5 5
5 1 5
12 1 16
15 13 16
1 15 16
8 15 10
7 14 16
14 18 16
6 4 4
18 10 16
14 12 12
4 1 4
14 18 16
9 13 16
18 1 1
3 8 12
12 15 12
7 3 16
4 5 4
10 14 12
9 15 10
2 12 12
3 14 12
16 8 16
3 5 16
2 5 16
12 7 16
7 12 16
4 3 4
1 17 16
12 16 16
5 6 16
15 10 10
5 2 16
11 4 4
8 13 16
3 8 12
7 13 16
7 13 16
16 3 16
15 7 16
4 8 4
11 7 16
4 11 4
1 5 5
17 4 4
2 4 4
18 1 1
12 4 4
2 1 16
11 15 16
1 16 16
16 14 16
7 2 16
1 10 16
3 6 3
11 10 16
1 14 16
6 2 12
8 16 16
17 7 16
6 8 12
5 15 16
14 15 12
5 2 16
13 5 5
11 12 16
10 15 10
11 18 11
4 3 4
18 15 16
6 8 12
8 5 16
15 13 16
11 13 11
14 3 12
15 12 12
17 1 16
14 12 12
3 15 12
14 13 16
9 11 16
2 6 12
2 15 12
3 11 16
2 7 16
13 14 16
13 9 16
9 17 10
3 7 16
13 18 13
4 9 4
13 10 16
17 9 10
8 1 16
6 9 12
13 4 4
58 46
13 33 25
31 47 25
6 50 25
52 48 25
2 26 25
7 49 25
12 58 25
7 55 25
49 33 33
31 10 25
20 2 25
4 32 25
44 15 44
50 25 25
45 42 4
45 6 25
39 28 25
26 2 25
46 52 25
18 55 25
36 11 25
49 30 33
1 35 25
43 27 25
6 50 25
21 44 25
21 55 25
55 2 25
11 35 25
55 47 25
31 47 25
50 23 25
47 2 25
1 39 25
25 46 25
14 53 25
15 25 25
48 51 25
35 46 25
55 38 25
8 17 25
49 43 25
12 40 25
56 54 44
42 45 4
21 30 25
26 84
11 13 7
20 1 7
9 4 7
10 14 7
18 22 7
12 26 26
13 7 7
22 6 7
26 24 26
16 2 16
25 6 7
9 1 7
14 20 7
13 4 7
20 15 7
17 14 14
13 22 7
25 7 7
21 2 7
16 7 7
23 12 15
8 25 21
8 11 21
11 24 11
22 15 7
6 22 7
22 6 7
7 17 7
20 18 20
25 1 1
21 23 7
8 13 7
15 25 7
18 17 7
16 7 7
24 10 7
9 17 7
2 14 7
13 10 15
25 15 7
19 16 26
26 16 26
18 5 26
5 22 26
20 10 7
20 18 20
2 8 7
7 4 7
19 4 26
12 4 7
15 7 7
7 15 7
18 3 7
21 10 7
25 22 7
26 2 26
24 5 26
26 3 26
10 16 7
10 5 26
22 19 26
23 24 7
11 21 21
2 21 7
26 25 26
20 21 7
21 18 7
6 2 7
13 1 7
23 5 26
20 2 7
2 3 7
11 21 21
21 23 7
24 20 7
4 11 11
24 3 3
17 25 21
16 26 26
10 5 26
8 23 7
6 13 15
2 7 7
5 21 26
60 120
19 48 32
46 37 46
17 29 38
5 54 38
50 54 38
6 21 56
57 31 46
17 50 38
15 31 32
12 50 56
19 59 38
19 23 46
9 20 49
17 54 38
14 16 56
53 35 26
33 44 38
21 60 56
50 58 38
19 9 32
3 5 46
31 3 32
58 10 46
36 6 56
38 57 38
5 12 38
29 40 56
2 58 46
48 42 60
59 8 36
15 4 38
16 28 38
30 3 38
59 43 38
32 11 38
37 14 38
29 31 38
33 26 26
43 1 46
40 27 56
46 53 38
51 7 38
16 52 38
42 34 46
58 49 15
45 44 44
39 11 56
42 15 32
47 55 38
56 47 56
41 44 38
21 4 38
33 16 56
4 39 38
59 33 56
39 59 56
25 38 38
58 16 38
32 54 38
54 10 38
7 6 56
6 58 38
2 49 46
25 10 46
56 36 56
13 48 38
28 52 45
6 3 18
44 10 46
48 45 15
38 48 38
31 40 38
58 14 38
2 36 38
18 24 32
18 58 15
24 5 46
22 46 38
44 10 46
39 58 31
48 35 38
15 6 38
59 51 38
60 24 38
35 5 38
52 16 38
31 57 46
5 47 38
50 36 14
41 29 38
39 43 38
54 15 38
47 56 56
48 22 38
59 43 38
6 50 56
44 9 44
46 16 38
13 57 38
12 51 38
57 41 38
3 15 15
43 29 18
9 1 15
19 4 44
30 34 38
19 27 48
11 10 38
22 36 14
58 43 46
6 55 38
26 43 38
18 45 15
46 37 46
47 20 38
22 5 38
6 34 52
38 21 38
22 42 38
42 40 38
56 83
18 27 6
20 52 52
33 53 52
2 14 11
24 55 52
11 33 52
38 17 11
16 50 52
29 14 11
19 9 52
17 18 6
17 14 11
55 2 11
1 45 45
6 49 6
19 52 52
56 55 11
26 2 26
41 33 52
1 32 6
31 30 52
14 24 52
32 24 52
42 14 11
54 41 54
22 41 52
38 47 6
27 39 6
50 3 12
7 41 11
18 37 6
44 19 11
33 35 52
29 48 11
21 22 52
42 31 11
31 11 11
20 34 6
20 30 52
33 34 52
56 41 11
30 36 52
49 36 6
43 56 26
41 19 11
35 38 6
36 6 6
56 1 11
21 42 11
2 6 6
45 26 11
41 11 11
52 26 52
30 42 52
21 7 11
14 13 11
22 50 52
22 41 52
21 28 6
15 37 6
43 33 52
27 25 11
20 23 11
6 17 6
21 45 11
37 42 11
28 46 6
26 9 52
36 45 11
53 33 52
29 9 52
44 19 11
15 40 52
35 12 6
16 4 52
36 4 26
1 51 11
32 27 6
4 48 26
44 13 11
40 53 52
13 5 11
35 11 6
60 120
52 41 58
51 10 59
40 34 59
5 18 59
39 2 59
45 33 13
43 2 59
7 21 59
60 36 17
55 22 59
15 47 59
13 41 59
28 23 59
12 17 59
46 47 59
28 59 59
49 6 59
35 31 39
11 57 59
54 6 59
19 4 59
5 31 59
26 30 59
10 60 17
50 35 59
14 33 59
42 33 59
40 17 59
11 14 58
31 29 39
33 6 59
4 30 59
18 15 33
31 55 59
53 46 30
38 6 59
36 57 59
29 18 59
39 12 39
31 23 59
17 25 59
43 26 59
5 17 59
29 10 59
27 32 59
21 60 59
18 17 17
21 55 45
26 22 59
28 5 59
43 59 59
58 55 59
48 43 39
54 43 59
50 7 58
60 39 10
51 34 13
36 3 59
54 52 58
27 40 58
13 48 13
55 13 59
11 27 11
32 31 13
26 59 59
12 42 59
13 49 59
4 32 59
29 58 59
50 25 58
36 32 59
8 55 59
33 17 59
5 34 59
35 20 59
44 13 59
8 43 54
58 54 58
27 16 59
41 11 11
14 23 5
57 27 59
55 49 59
17 47 17
8 24 59
16 41 59
11 24 59
18 38 59
10 2 59
20 1 1
6 46 59
59 36 59
39 6 59
56 31 59
21 23 59
12 38 4
60 15 59
45 59 59
8 27 58
43 38 59
42 48 59
17 55 17
36 12 59
26 16 4
42 19 59
35 46 59
53 37 59
17 52 59
22 7 58
27 45 59
23 34 59
43 30 59
54 10 59
2 14 58
27 24 59
50 23 58
41 7 58
24 27 59
2 10 59
31 43 39
56 118
11 31 26
15 27 43
34 41 43
40 22 43
23 42 43
43 25 43
7 28 43
29 23 43
18 27 43
17 27 43
2 44 43
47 22 43
35 15 43
23 55 26
26 38 43
45 41 43
24 19 43
36 32 43
22 29 9
5 51 34
24 27 43
39 51 43
44 30 43
13 26 26
26 11 26
45 53 34
43 39 43
5 18 9
43 32 43
22 18 9
8 18 9
51 7 9
26 15 43
32 15 9
51 29 9
12 38 9
23 12 43
41 31 26
42 5 34
33 4 43
30 27 43
32 49 43
28 21 43
30 28 28
23 26 26
28 23 43
15 11 43
28 4 43
1 51 43
10 7 43
41 26 26
39 32 43
9 5 9
2 22 43
49 39 21
31 20 43
7 20 9
2 23 43
30 56 43
42 29 9
25 11 26
56 47 43
38 47 43
46 49 43
15 48 43
28 24 43
1 15 43
12 21 43
24 30 43
28 3 43
48 27 26
11 23 26
27 12 43
26 25 26
33 47 43
28 17 43
49 9 43
55 42 43
31 20 43
25 17 43
27 39 26
6 15 34
11 29 43
21 8 43
40 33 26
40 33 26
51 46 34
23 21 26
1 49 26
27 1 26
25 40 26
9 14 9
36 52 21
13 45 43
21 39 21
1 17 43
9 39 43
13 16 26
38 17 9
54 50 43
5 13 43
25 48 26
17 8 34
46 45 34
14 53 34
39 16 26
13 3 13
4 39 43
22 21 43
6 52 43
35 50 43
54 33 43
23 46 43
50 39 43
4 10 43
4 40 43
32 16 43
45 55 43
58 26
21 16 8
1 50 47
51 25 44
7 25 41
57 19 8
58 42 47
27 30 8
41 42 47
38 18 38
41 10 41
20 22 8
46 4 44
5 11 47
41 32 8
41 5 44
8 19 8
33 38 47
10 4 8
53 7 53
51 54 44
29 19 47
49 42 47
14 35 47
7 21 8
12 28 7
30 5 44
42 99
42 9 24
40 27 24
2 42 33
13 36 24
23 27 19
15 2 33
41 26 33
13 12 33
23 5 24
39 29 39
10 24 24
27 4 33
18 13 24
13 42 33
40 4 24
7 41 31
14 36 24
39 23 24
12 26 33
2 41 33
9 34 24
3 41 24
38 30 33
33 23 24
2 3 24
21 4 24
26 5 33
5 28 24
26 9 24
12 1 33
41 19 3
22 9 41
21 31 36
32 29 24
19 17 6
30 28 24
6 33 33
34 10 24
35 19 24
24 26 24
3 14 24
19 13 24
28 38 24
30 3 24
8 18 24
2 17 24
15 30 33
12 11 24
5 34 33
19 32 19
34 33 33
21 13 24
12 25 24
14 20 24
12 1 33
19 1 24
34 39 24
19 7 19
7 29 24
38 13 33
9 4 24
10 22 19
2 29 24
30 33 33
4 7 24
37 23 37
36 22 19
40 4 24
21 14 24
25 8 24
16 25 24
11 18 11
16 31 24
4 9 24
3 29 24
12 14 33
39 15 24
28 24 24
13 33 33
37 11 19
36 1 24
37 18 19
30 27 33
30 3 24
28 42 24
35 42 33
30 32 24
15 38 26
30 36 24
21 38 24
40 34 24
17 23 37
4 6 33
30 36 24
3 25 19
9 40 9
12 2 33
11 7 19
30 15 33
18 106
2 10 2
2 5 2
13 4 4
11 1 15
15 1 15
7 15 15
10 18 15
7 15 15
17 5 15
18 13 6
10 9 15
12 2 2
18 5 5
11 3 15
4 14 15
4 10 15
16 13 6
5 18 5
9 13 6
15 2 2
18 3 5
1 11 15
17 14 15
7 10 15
11 18 15
3 14 15
15 7 15
17 12 15
2 15 2
16 3 6
7 5 7
14 5 15
16 18 6
18 4 6
18 9 6
2 4 2
16 13 6
16 13 6
18 13 6
10 3 15
8 3 7
15 5 15
18 12 6
9 11 15
14 11 15
7 11 15
6 9 6
2 11 2
5 16 6
6 10 15
14 12 15
5 11 15
3 11 15
15 9 15
6 10 15
1 8 15
10 16 15
10 2 2
13 15 15
7 13 7
3 1 15
8 5 7
1 14 14
6 8 7
18 1 15
9 2 2
17 6 15
5 6 6
11 12 15
2 15 2
8 4 7
7 17 15
12 3 6
7 5 7
12 1 15
5 16 6
5 7 7
3 13 6
14 15 15
5 13 6
11 6 15
5 16 6
5 4 6
9 16 12
13 7 7
2 18 2
6 3 6
5 14 15
15 12 15
7 16 7
14 1 14
8 7 7
1 13 15
1 2 2
13 8 7
11 7 15
16 14 15
14 11 15
18 6 6
4 15 15
18 1 15
3 18 5
11 17 10
18 13 6
7 17 15
2 7 2
4 2
2 1 2
1 4 3
29 51
14 2 14
2 27 27
7 16 4
6 13 24
24 19 24
3 10 24
2 26 24
16 6 24
9 13 13
22 14 13
12 26 4
10 11 24
23 29 24
27 6 24
20 4 4
21 6 24
21 7 7
26 28 24
24 27 24
11 7 7
12 3 4
20 22 24
15 3 24
16 27 24
12 14 24
28 18 24
3 19 4
18 19 4
16 13 24
1 4 4
12 26 4
27 4 24
28 23 27
12 25 4
19 4 4
9 13 13
24 10 24
4 27 24
27 5 24
2 26 24
6 9 24
23 13 13
9 25 24
16 17 4
27 16 24
18 6 24
24 5 24
22 28 27
2 4 24
27 16 24
24 20 24
60 120
6 41 55
57 12 11
33 17 32
49 35 32
31 59 32
12 19 32
21 30 32
6 24 32
16 46 48
3 16 32
60 43 32
58 2 32
4 56 11
20 9 9
24 27 48
33 47 32
37 21 48
18 45 32
1 12 32
17 11 32
55 50 32
43 38 32
59 5 32
60 31 32
39 19 32
9 31 32
46 21 48
41 14 32
33 57 9
37 30 32
16 45 53
39 55 11
57 20 11
38 43 32
56 39 11
58 60 32
20 23 32
7 32 32
11 53 32
50 60 32
27 4 32
47 25 32
46 14 48
36 20 32
6 38 55
11 8 9
43 57 32
51 17 32
44 3 9
43 60 32
34 53 53
33 31 32
19 18 32
39 23 32
12 35 11
25 14 32
39 13 11
5 32 32
29 40 40
60 32 32
21 47 53
19 18 32
58 20 32
27 12 32
60 38 9
36 19 48
19 46 48
15 36 48
41 16 32
47 40 53
12 18 11
47 46 48
26 25 32
30 26 32
35 5 32
17 38 32
57 35 35
8 50 32
55 58 32
28 33 32
41 16 32
53 27 48
33 39 9
25 2 9
25 11 9
4 31 32
34 52 48
22 60 9
58 5 32
27 9 32
46 54 32
9 57 9
40 51 48
24 8 32
2 19 32
41 11 11
40 54 32
43 1 53
45 44 32
48 50 48
7 48 32
20 35 11
38 13 55
20 7 11
20 13 11
9 50 32
19 34 48
58 46 32
29 47 53
44 59 9
51 25 32
45 56 32
38 39 11
24 32 32
44 28 32
51 60 32
15 30 32
57 13 55
44 26 32
47 4 32
9 83
8 3 2
6 2 2
2 7 2
7 2 2
4 2 2
5 2 5
5 3 7
2 7 2
8 5 5
7 2 2
6 7 2
4 3 2
1 6 3
9 6 2
8 3 2
9 6 2
7 8 2
9 7 3
7 2 2
7 3 2
8 2 2
1 8 2
8 2 2
6 5 5
6 2 2
2 9 2
7 3 2
1 9 2
1 7 2
9 7 5
6 9 2
5 9 5
9 8 4
3 6 3
1 4 2
2 5 5
1 9 2
7 4 2
3 5 5
3 4 2
2 8 6
6 1 3
7 5 5
1 8 2
6 8 2
5 3 5
8 2 2
3 5 5
7 3 2
4 2 2
7 3 2
8 4 4
7 6 2
8 4 4
8 6 2
7 9 2
9 8 4
4 2 2
9 5 5
4 2 2
2 6 2
4 2 2
3 8 2
2 5 5
4 1 2
6 1 4
1 8 2
3 7 2
6 7 8
4 7 2
8 7 2
9 8 4
1 2 2
3 7 2
2 1 2
8 3 2
4 3 2
9 8 4
3 9 2
9 8 4
8 3 2
9 4 4
9 4 4
5 86
4 5 5
5 2 5
3 4 5
2 5 5
2 1 1
1 2 1
1 3 5
5 1 5
5 3 5
4 2 2
3 1 5
4 3 5
4 2 2
2 5 5
4 5 5
2 4 2
5 1 5
5 2 5
5 1 5
4 5 5
1 3 5
5 3 5
2 4 2
2 4 2
2 4 2
1 5 5
3 1 5
1 3 5
3 4 5
1 5 5
3 4 5
2 3 5
5 3 5
3 2 5
5 2 5
3 4 5
2 5 5
3 4 5
5 2 5
1 4 1
4 3 5
5 3 5
3 5 5
2 3 5
3 5 5
2 5 5
2 3 5
2 3 5
3 4 5
5 2 5
3 1 5
1 5 5
1 3 5
3 5 5
5 3 5
3 1 5
3 2 5
4 5 5
1 3 5
4 5 5
5 1 5
4 2 2
1 2 1
3 4 5
4 3 5
2 4 2
1 3 5
1 2 1
4 5 5
4 5 5
4 1 1
5 1 5
3 1 5
5 4 5
4 2 2
1 5 5
2 1 1
1 4 1
5 1 5
5 2 5
1 3 5
3 2 5
5 3 5
1 4 1
1 2 1
1 3 5
48 101
38 35 21
48 17 21
38 5 21
19 4 7
41 10 21
10 8 8
32 24 21
41 33 21
35 6 21
16 40 39
38 12 6
38 23 21
6 22 22
13 27 21
43 17 21
3 48 21
22 12 22
44 24 21
17 24 21
26 36 21
35 24 21
7 40 21
11 33 21
23 11 21
18 26 22
25 4 25
27 45 21
20 14 21
20 36 46
28 20 21
36 44 21
12 21 21
13 20 21
42 16 21
9 31 21
24 25 25
29 45 21
47 2 21
26 37 21
35 34 9
9 30 21
20 1 46
13 33 21
12 40 21
27 33 43
42 35 21
18 46 22
25 20 25
9 25 21
48 19 21
36 1 46
33 8 8
16 41 16
21 46 21
5 35 21
34 33 21
16 47 21
25 8 8
18 41 22
32 20 21
22 17 22
2 35 9
38 21 21
2 3 9
11 20 21
10 21 21
3 18 22
16 13 21
26 1 21
36 31 46
20 23 21
14 4 21
46 30 21
2 35 9
34 15 9
45 39 39
17 38 21
22 47 22
24 1 43
32 40 21
14 32 21
36 5 21
18 22 22
41 39 39
30 22 22
46 5 21
40 6 21
44 5 21
30 47 21
38 32 21
23 10 21
9 17 9
22 20 22
14 38 21
8 10 8
5 29 21
18 29 22
10 24 43
5 15 21
34 25 21
28 4 21
12 9
1 5 7
11 2 6
9 4 12
8 12 6
10 1 7
4 3 12
3 10 6
8 11 8
2 5 10
10 52
9 6 6
9 7 7
7 8 7
10 4 10
3 7 5
5 6 5
9 6 6
2 3 5
6 4 10
7 2 5
9 2 5
6 9 6
5 8 5
2 1 5
4 9 10
9 1 1
5 4 10
10 7 10
4 9 10
10 2 10
9 7 7
9 8 7
4 1 10
3 7 5
4 2 10
1 2 5
3 7 5
3 1 5
8 6 7
7 3 5
10 1 10
8 1 1
6 1 1
8 5 5
5 7 5
8 6 7
4 9 10
6 4 10
2 5 5
6 4 10
2 5 5
7 10 10
10 8 10
3 1 5
9 1 1
9 10 10
4 8 10
6 3 5
3 10 10
3 10 10
8 5 5
10 2 10
60 120
14 31 47
42 55 6
22 26 47
6 32 15
29 49 47
57 15 15
48 41 47
35 44 15
20 40 39
56 25 37
38 49 15
28 51 15
39 56 15
7 13 47
10 56 15
37 10 15
33 28 47
11 41 11
31 15 15
8 48 47
48 49 47
56 54 15
19 42 47
32 11 47
31 10 15
47 1 47
53 45 15
30 27 15
12 38 15
28 3 15
43 25 15
46 17 47
52 11 47
40 15 15
17 58 17
25 40 15
53 7 53
27 23 47
23 10 47
4 6 47
59 38 47
2 10 15
42 59 47
23 47 47
57 13 47
56 30 15
58 41 47
54 48 47
45 16 15
56 58 15
56 60 60
46 24 46
19 52 47
37 36 6
57 5 55
35 54 35
44 9 47
3 31 15
4 53 47
15 40 15
12 28 37
56 5 37
58 27 15
25 32 15
59 8 47
7 5 28
60 25 37
33 18 47
38 8 47
45 30 39
3 42 15
26 55 47
18 6 15
43 9 47
46 17 47
50 30 15
59 1 47
38 13 47
3 19 47
35 41 47
26 55 47
25 13 47
6 4 47
16 52 6
51 26 47
57 12 37
51 50 15
11 60 47
30 26 47
1 57 15
12 16 37
42 49 15
47 29 47
22 60 37
12 2 6
58 43 58
8 54 47
34 20 15
57 3 15
27 10 15
25 20 15
2 21 47
4 27 47
46 40 47
54 22 15
1 36 15
25 43 15
60 13 47
10 57 15
9 25 47
25 30 15
52 7 6
4 33 47
55 49 15
48 10 47
34 27 55
42 43 15
29 30 47
24 36 47
28 58 15
58 64
23 16 23
39 51 18
8 36 2
25 1 18
35 39 18
35 21 2
8 32 8
2 25 2
42 14 8
48 29 2
41 33 2
51 36 18
23 39 2
9 56 2
5 50 35
7 55 2
23 11 2
16 58 2
9 28 50
43 41 2
31 25 18
6 55 8
21 50 2
23 29 2
9 40 18
38 5 18
26 50 2
32 54 2
47 22 2
57 35 18
34 20 8
57 5 18
31 2 2
21 32 21
15 18 2
29 44 2
37 10 18
12 9 18
20 58 2
19 40 18
2 7 2
4 54 2
50 1 18
33 11 18
48 32 2
50 38 18
8 54 2
53 57 18
28 20 2
5 3 2
11 20 2
21 12 2
22 24 2
43 3 2
31 49 2
11 46 2
47 6 2
48 36 2
15 6 2
17 50 2
39 33 4
1 50 18
27 54 2
41 19 2
49 18
39 26 47
34 39 39
10 1 17
35 13 47
18 12 47
35 42 47
1 49 47
8 7 7
40 2 47
35 10 21
12 48 42
17 48 47
12 3 47
48 33 47
2 47 47
12 7 47
35 27 21
30 47 47
41 97
41 36 2
35 31 6
7 3 3
9 4 2
13 23 6
26 35 6
10 1 6
4 17 6
1 38 6
12 37 36
26 4 26
28 32 2
15 2 2
29 28 6
24 38 2
14 34 6
6 21 6
8 1 6
33 13 2
26 4 26
37 38 2
11 20 3
19 17 29
13 35 6
18 34 6
28 24 2
9 26 2
20 2 2
21 37 2
8 10 2
41 3 2
4 40 2
14 10 2
7 40 2
23 22 6
21 18 21
5 26 2
38 26 2
20 38 3
7 41 2
35 30 6
7 21 2
19 17 29
28 26 2
25 28 6
3 32 2
20 9 3
31 32 2
24 14 2
29 32 6
13 26 2
12 23 6
14 33 2
38 20 3
27 13 2
14 13 2
8 18 2
9 7 3
35 28 6
33 16 2
2 7 2
30 20 2
15 41 2
33 1 6
19 40 6
9 31 2
6 33 6
10 22 2
7 20 3
32 33 2
27 40 2
23 29 29
22 4 2
41 40 2
33 22 2
28 5 2
14 15 2
22 7 2
12 25 6
14 31 2
2 13 2
10 34 6
13 11 2
3 31 2
1 28 6
35 7 6
16 6 6
37 41 2
1 38 6
26 28 2
11 16 2
30 32 2
11 31 2
30 29 6
19 7 6
2 20 2
21 2 2
36 68
28 22 31
24 2 27
35 36 35
18 20 27
24 29 24
20 34 31
16 18 27
11 23 31
25 16 31
8 24 27
15 19 35
19 28 35
24 6 27
1 22 31
36 13 4
33 28 33
36 13 4
16 34 21
14 23 31
32 28 35
16 31 31
32 17 17
23 30 20
11 32 35
25 34 31
14 20 31
11 16 31
5 25 31
16 35 35
21 32 35
24 8 27
1 6 31
27 32 27
3 2 20
15 22 31
27 23 27
26 11 31
21 27 27
33 36 33
19 12 35
1 36 31
17 12 35
6 7 31
26 22 31
18 8 27
17 5 35
25 4 31
25 26 31
36 25 31
8 10 33
13 24 27
4 18 27
33 32 33
32 25 35
29 9 27
27 30 27
12 13 31
28 5 7
6 15 31
32 24 27
26 4 31
34 23 31
28 11 31
18 6 27
11 10 33
32 8 17
1 5 31
10 23 33
50 22
31 43 43
31 1 43
11 36 16
25 22 16
19 4 19
28 39 16
13 29 43
45 6 6
27 47 43
22 6 6
50 4 43
30 15 43
24 16 16
1 22 43
8 26 16
46 17 16
15 17 15
24 22 27
43 3 33
9 35 16
26 41 43
50 22 6
56 31
24 21 36
48 17 15
41 23 6
27 56 36
48 28 15
15 50 15
23 49 36
13 19 36
8 30 15
28 44 15
26 32 15
56 25 15
26 44 44
52 17 34
50 56 34
23 4 36
30 5 15
9 20 15
35 47 15
5 11 46
17 13 36
30 8 15
27 41 36
7 43 29
31 34 24
1 47 29
26 5 15
25 4 22
37 53 36
3 9 9
32 16 15
14 22
10 6 10
2 8 10
8 1 10
11 3 10
5 4 10
3 12 10
5 8 10
5 1 10
5 12 10
13 2 10
10 5 10
7 3 10
14 3 10
14 1 10
3 7 10
4 3 10
12 10 1
8 11 7
14 10 10
3 12 10
12 2 10
3 1 1
43 13
43 8 25
40 24 25
30 33 25
24 28 27
17 38 25
27 13 25
6 38 25
28 35 27
8 18 25
34 15 25
3 14 25
36 20 25
12 26 9
59 33
35 49 8
59 1 5
20 37 14
35 16 8
24 28 5
49 13 8
34 38 34
6 11 31
29 5 5
38 9 8
49 24 31
55 20 8
3 54 8
29 4 8
38 37 8
26 33 5
36 55 8
11 4 8
56 40 8
42 48 14
32 46 31
44 6 8
21 48 21
24 19 5
59 37 8
24 14 8
34 50 34
41 18 5
20 8 8
7 50 5
10 28 5
21 10 8
31 42 8
49 70
49 29 29
42 12 18
34 10 18
49 17 18
40 31 18
16 20 10
44 28 18
41 30 41
27 46 18
6 37 18
3 16 4
33 3 49
32 23 4
33 12 18
38 46 18
40 31 18
12 41 41
3 19 18
35 16 18
1 23 18
8 45 18
15 14 18
14 44 14
6 26 18
14 7 18
38 3 18
47 44 18
22 20 18
4 24 18
9 28 18
35 38 18
33 40 18
7 6 18
6 25 18
36 10 4
40 1 18
30 10 22
14 20 18
35 27 18
31 10 18
27 38 18
41 46 18
31 30 41
38 13 18
45 44 45
5 26 47
26 22 18
15 19 32
16 11 18
35 8 18
6 34 18
46 37 46
21 26 47
49 6 18
45 4 22
4 19 18
48 31 18
48 22 18
30 8 18
26 20 1
33 12 18
16 28 18
31 15 18
33 13 47
47 21 47
16 26 18
18 35 18
33 14 18
12 16 18
21 45 18
29 84
3 19 11
5 2 11
18 5 7
6 15 15
5 20 11
20 9 11
26 16 11
20 24 11
10 12 11
10 23 11
14 25 11
5 4 7
15 25 8
15 11 11
5 2 11
15 23 11
29 6 11
5 28 11
6 10 15
7 14 7
4 27 11
3 25 25
14 5 7
16 18 7
6 27 8
10 6 15
21 6 8
9 16 7
5 27 11
10 3 11
2 7 11
24 9 7
19 20 11
21 5 11
24 6 11
7 17 11
28 13 11
23 29 7
25 29 11
27 1 8
12 24 11
19 1 8
3 4 7
20 17 11
8 7 11
10 27 8
16 24 7
15 22 8
19 8 8
13 26 11
23 5 7
11 12 11
26 14 11
17 3 11
12 3 11
11 4 11
2 12 11
13 26 11
17 6 8
22 20 28
21 29 11
22 5 11
23 13 24
22 8 8
11 6 11
20 27 11
15 23 11
11 5 11
24 14 24
26 1 1
15 14 11
8 19 8
5 26 11
1 10 15
19 28 11
20 23 11
6 7 11
8 14 11
20 14 11
9 1 11
3 11 11
14 29 7
7 13 7
22 19 18
21 54
13 15 15
13 3 6
21 12 5
18 16 18
15 8 15
18 7 15
17 9 15
9 19 15
10 1 5
4 9 15
18 11 18
19 2 15
13 5 5
17 1 5
12 21 7
13 17 5
16 18 18
4 20 15
10 8 5
11 4 15
2 16 15
10 17 18
20 8 5
21 5 5
5 21 5
4 20 15
20 13 5
18 21 18
14 17 18
17 10 18
11 12 5
11 19 15
8 17 5
15 8 15
19 17 15
16 4 15
11 7 15
12 14 5
12 19 15
2 19 15
6 13 6
8 12 5
16 20 18
1 12 5
9 1 15
16 7 15
21 15 15
3 13 6
10 18 18
17 1 5
2 13 15
17 21 18
21 11 10
7 12 15
49 58
47 23 47
21 33 47
23 11 47
6 18 36
38 14 36
45 24 16
20 38 47
26 44 47
39 20 47
1 42 12
31 22 47
30 47 47
40 27 46
27 3 34
17 25 12
2 15 47
49 15 36
47 7 3
16 43 47
23 17 47
48 16 47
29 40 47
5 30 47
23 12 47
49 1 12
48 41 47
35 45 36
24 47 47
28 40 47
37 24 37
19 13 47
8 46 36
23 36 47
26 23 47
41 44 47
44 47 24
35 24 36
4 18 36
19 48 47
34 9 9
36 44 47
11 21 36
12 17 12
21 49 36
20 34 47
21 38 36
31 36 47
21 42 36
47 19 47
19 36 36
21 46 36
38 39 47
8 7 47
36 9 47
39 25 47
6 18 36
22 16 30
25 29 36
13 99
8 4 9
1 4 9
11 3 9
13 1 9
3 7 9
2 5 12
1 8 10
3 2 12
13 12 9
13 4 9
8 4 9
6 2 6
9 5 9
7 6 6
13 6 6
2 9 9
9 7 9
4 10 9
10 4 9
10 3 10
6 7 6
9 8 9
4 12 9
1 10 10
5 6 6
13 4 9
13 7 9
12 1 12
1 9 9
3 9 9
11 7 7
8 1 10
7 6 6
9 5 9
11 4 4
5 8 10
6 11 6
8 6 6
13 9 9
3 7 9
10 6 6
9 10 9
7 1 9
9 6 6
11 3 9
4 11 4
11 13 9
1 5 10
9 12 9
8 12 12
7 8 9
12 9 9
6 9 6
8 4 9
13 2 9
11 4 4
3 7 9
7 13 9
1 7 9
3 7 9
9 3 9
12 5 12
2 5 12
2 10 12
7 1 9
6 11 6
3 1 1
4 10 9
6 2 6
11 5 9
3 9 9
12 5 12
13 2 9
8 6 6
6 10 6
3 1 1
11 6 6
11 4 4
13 6 6
4 7 4
5 12 12
7 1 9
10 9 9
11 13 9
11 12 9
10 6 6
3 5 10
6 8 6
2 8 12
5 1 10
6 12 6
8 11 9
9 10 9
7 11 7
7 11 7
7 3 9
12 7 9
2 3 12
10 2 12
60 116
1 3 1
1 4 1
2 3 2
2 4 2
3 5 3
3 6 3
4 5 4
4 6 4
5 7 5
5 8 5
6 7 6
6 8 6
7 9 7
7 10 7
8 9 8
8 10 8
9 11 9
9 12 9
10 11 10
10 12 10
11 13 11
11 14 11
12 13 12
12 14 12
13 15 13
13 16 13
14 15 14
14 16 14
15 17 15
15 18 15
16 17 16
16 18 16
17 19 17
17 20 17
18 19 18
18 20 18
19 21 19
19 22 19
20 21 20
20 22 20
21 23 21
21 24 21
22 23 22
22 24 22
23 25 23
23 26 23
24 25 24
24 26 24
25 27 25
25 28 25
26 27 26
26 28 26
27 29 27
27 30 27
28 29 28
28 30 28
29 31 29
29 32 29
30 31 30
30 32 30
31 33 31
31 34 31
32 33 32
32 34 32
33 35 33
33 36 33
34 35 34
34 36 34
35 37 35
35 38 35
36 37 36
36 38 36
37 39 37
37 40 37
38 39 38
38 40 38
39 41 39
39 42 39
40 41 40
40 42 40
41 43 41
41 44 41
42 43 42
42 44 42
43 45 43
43 46 43
44 45 44
44 46 44
45 47 45
45 48 45
46 47 46
46 48 46
47 49 47
47 50 47
48 49 48
48 50 48
49 51 49
49 52 49
50 51 50
50 52 50
51 53 51
51 54 51
52 53 52
52 54 52
53 55 53
53 56 53
54 55 54
54 56 54
55 57 55
55 58 55
56 57 56
56 58 56
57 58 57
58 59 58
59 60 59
60 57 60
25 46
18 5 18
4 12 18
3 19 18
16 15 18
10 13 12
25 7 7
7 5 7
6 15 18
21 7 7
11 17 18
6 10 9
25 12 7
9 4 18
5 4 18
4 15 18
4 18 18
3 25 18
1 21 18
22 18 18
21 5 7
4 23 23
10 24 18
18 17 18
7 19 18
22 21 18
20 11 18
19 14 14
18 22 18
20 21 18
23 12 18
22 6 18
11 4 18
13 19 18
1 2 24
2 25 18
18 12 18
3 24 18
16 17 23
20 5 18
20 16 20
3 18 18
17 13 18
8 3 18
14 16 18
4 1 24
17 14 18
14 24
6 13 14
14 7 14
6 8 14
14 9 14
5 13 14
1 5 14
7 8 8
1 11 14
1 5 14
14 2 14
5 1 14
13 14 14
2 14 14
9 14 14
6 2 14
12 8 8
13 4 1
3 10 3
4 11 14
6 7 14
4 1 1
9 12 14
9 12 14
9 6 14
17 47
17 14 17
17 5 17
6 1 17
14 17 17
6 5 17
17 16 17
16 8 9
3 4 17
17 14 17
11 7 17
3 7 17
16 5 17
6 10 17
8 1 17
10 8 15
8 1 17
15 11 17
13 17 17
3 14 17
2 3 17
6 1 17
12 2 17
15 8 17
15 6 17
16 15 17
2 9 17
11 7 17
15 8 17
7 11 17
16 14 14
2 13 2
17 10 17
8 2 13
5 4 17
14 10 17
17 13 17
3 16 17
12 17 17
2 8 17
15 12 17
8 4 17
8 9 9
8 5 17
1 14 17
3 1 17
13 9 17
11 4 4
52 43
28 40 40
46 50 40
6 19 31
2 36 2
25 20 31
23 1 40
38 27 40
41 14 40
6 43 40
8 26 40
5 40 40
18 4 18
9 26 9
41 24 40
26 38 40
51 40 40
2 19 2
30 11 31
15 39 40
19 3 40
50 17 40
17 4 40
25 45 40
26 23 40
35 18 18
32 52 40
42 21 31
41 34 52
28 10 52
30 48 31
1 15 9
3 20 40
30 2 2
9 41 40
17 13 52
6 30 31
34 1 40
8 14 40
39 30 40
6 23 40
8 18 40
12 1 40
43 7 7
57 12
57 41 37
25 31 37
29 24 37
5 6 37
51 22 37
47 5 37
41 27 37
20 26 37
26 3 37
57 40 57
30 13 55
20 49 6
7 24
1 6 4
2 5 4
6 3 4
1 2 4
2 5 4
7 5 5
2 7 4
5 3 4
2 4 4
4 6 4
3 1 4
2 5 4
7 6 4
2 4 4
6 1 4
1 6 4
3 5 4
1 4 4
3 4 4
6 5 4
1 5 4
1 3 4
4 6 4
4 3 4
35 92
15 25 25
6 35 25
1 7 25
7 2 2
33 4 25
16 9 25
1 7 25
1 19 25
34 31 25
25 9 22
25 15 25
5 15 25
13 12 25
34 14 25
12 16 25
15 8 15
4 22 25
18 27 25
27 21 14
14 32 25
26 25 25
20 19 25
3 24 24
16 31 25
35 34 25
30 21 25
9 10 25
25 34 25
9 31 21
16 5 14
17 6 17
33 2 25
33 26 25
16 24 24
34 30 25
34 27 15
30 28 28
24 9 25
28 17 25
20 10 25
18 16 25
5 7 25
19 1 25
16 26 25
31 35 25
27 31 25
30 24 25
16 21 25
19 20 25
3 9 25
1 4 18
23 13 13
18 1 18
10 27 25
8 20 25
29 30 28
19 3 24
23 1 21
12 7 25
24 5 25
3 35 24
24 10 24
21 32 21
11 28 25
3 25 25
22 7 25
34 20 25
4 30 25
20 29 25
22 7 25
7 30 7
7 29 28
12 26 25
15 3 25
34 6 25
3 1 25
4 3 25
3 23 25
19 25 25
19 18 25
10 1 25
6 31 25
26 13 25
6 21 25
31 26 25
34 5 11
18 15 25
11 34 25
18 34 25
16 29 25
18 22 25
32 9 21
59 95
10 59 15
34 32 15
40 37 15
33 50 15
14 17 15
55 36 15
10 9 15
34 47 15
39 15 15
15 57 15
44 34 34
28 40 12
16 20 15
6 9 15
13 59 59
10 16 15
30 43 15
50 27 15
55 31 15
52 29 15
10 59 15
18 23 18
15 56 15
1 26 15
36 12 15
29 16 16
14 5 15
18 40 15
54 17 15
13 24 15
20 13 15
5 16 15
19 52 12
44 31 44
34 2 15
13 33 33
14 43 12
50 4 15
58 13 15
9 48 15
57 45 15
51 3 15
34 14 15
5 9 15
3 11 15
9 2 15
35 29 15
31 23 16
59 18 15
14 6 12
2 25 15
32 26 15
52 28 46
18 5 15
2 14 15
46 26 15
1 16 15
30 10 15
43 25 12
17 5 15
30 57 15
13 44 15
29 23 16
8 19 12
5 13 59
39 46 15
31 45 16
17 22 15
28 39 15
16 30 16
38 16 15
16 57 15
14 33 15
6 51 15
35 37 15
34 24 34
29 43 15
5 26 15
47 14 15
10 49 15
9 23 15
13 31 15
19 33 15
45 8 15
41 56 44
58 20 15
33 46 15
53 38 15
59 5 59
33 15 15
36 56 15
47 58 15
9 44 15
48 28 15
32 54 15
15 13
12 15 13
6 15 7
10 12 13
3 5 7
8 11 13
9 3 7
7 14 7
1 3 7
9 3 7
12 2 12
8 13 13
12 3 13
5 14 7
25 38
10 12 1
16 12 1
22 6 1
11 2 4
17 1 1
15 11 1
25 10 1
3 22 1
3 21 24
4 15 1
19 17 1
3 8 4
4 13 1
2 17 1
20 5 5
2 17 1
6 18 1
8 5 4
19 11 1
9 18 1
24 20 24
4 17 1
15 6 1
17 14 1
14 16 1
8 4 4
7 10 1
4 5 4
21 4 24
8 1 1
21 6 24
10 11 4
12 6 1
2 6 4
3 21 24
11 1 1
1 22 1
4 11 4
6 100
3 6 3
5 4 6
3 5 3
3 1 3
1 4 4
3 2 3
2 5 2
3 2 3
5 6 6
6 2 6
1 3 3
5 2 2
2 4 6
6 5 6
3 2 3
5 1 6
6 5 6
6 1 6
6 3 3
5 4 6
6 5 6
2 1 6
6 5 6
4 6 6
5 2 2
4 3 3
1 2 6
5 4 6
5 2 2
1 2 6
6 1 6
5 6 6
1 5 6
4 3 3
1 2 6
4 6 6
6 5 6
3 2 3
1 5 6
5 3 3
4 2 6
3 4 3
1 6 6
2 1 6
2 1 6
3 1 3
5 3 3
1 5 6
1 2 6
1 3 3
3 2 3
3 4 3
5 1 6
1 4 4
4 5 6
3 1 3
1 2 6
3 4 3
4 2 6
5 4 6
2 4 6
5 3 3
5 4 6
3 6 3
6 3 3
5 2 2
5 2 2
5 1 6
3 1 3
6 3 3
5 3 3
2 6 6
1 2 6
4 1 4
1 5 6
3 5 3
1 3 3
5 3 3
6 5 6
4 2 6
3 4 3
3 1 3
2 5 2
5 2 2
2 1 6
3 2 3
5 6 6
1 2 6
6 1 6
1 3 3
1 4 4
2 3 3
4 6 6
3 2 3
4 3 3
1 5 6
4 2 6
5 2 2
1 3 3
3 6 3
31 98
25 2 26
4 11 26
8 9 26
26 22 22
12 28 28
6 15 13
20 25 25
31 28 26
30 15 26
24 19 26
30 22 26
9 31 11
2 18 14
9 17 26
21 23 14
3 16 26
29 1 26
26 3 26
21 5 26
28 27 26
29 23 26
20 13 26
28 27 26
2 25 26
26 18 26
24 30 26
17 20 26
8 13 13
27 20 26
2 13 26
11 22 26
4 24 26
22 5 26
14 23 14
24 26 26
26 15 26
31 27 26
9 10 11
20 19 26
19 20 26
14 19 26
4 23 26
19 11 26
4 18 26
16 26 26
15 6 13
19 1 26
23 25 26
12 7 26
22 14 26
10 27 26
23 20 26
13 7 26
31 12 26
14 21 14
22 7 26
25 8 26
16 10 26
13 3 26
27 11 26
5 27 26
1 16 26
13 28 13
17 20 26
4 30 26
28 3 26
25 14 26
7 5 26
23 12 26
3 4 26
3 17 26
6 21 26
26 21 26
10 7 26
20 3 11
17 16 26
3 4 26
22 26 26
31 20 11
7 22 26
29 19 26
7 19 26
25 30 11
11 26 26
17 12 26
12 27 26
12 13 13
13 29 26
27 29 26
21 7 14
23 2 23
29 14 26
29 2 26
12 26 26
21 5 26
23 12 26
27 19 26
22 4 26
31 88
4 18 28
9 8 6
20 22 28
27 29 28
16 3 11
26 14 28
25 12 28
28 21 28
19 10 28
26 18 28
17 23 28
25 16 25
24 9 6
26 1 28
21 28 28
20 9 28
4 7 28
24 25 28
9 24 6
27 18 28
8 9 6
24 8 6
26 2 28
17 25 15
19 20 20
14 21 6
22 20 28
9 23 6
11 27 11
6 23 6
19 29 28
18 22 6
22 18 6
20 3 11
15 14 28
17 3 15
31 29 6
17 3 15
12 10 28
14 29 14
10 20 28
16 8 28
13 18 28
5 25 28
16 18 28
7 14 6
16 28 28
11 4 28
5 19 28
7 18 18
14 4 28
2 20 28
9 26 28
10 9 28
24 21 24
18 30 28
10 18 28
12 22 29
8 5 28
4 18 28
2 11 28
29 19 28
30 15 28
7 21 6
5 12 28
22 31 6
27 7 28
10 11 28
13 20 15
19 21 28
31 18 6
27 21 28
26 16 28
13 18 28
1 9 6
27 23 28
1 12 14
24 1 6
6 20 28
26 12 28
8 26 28
8 4 28
8 13 28
6 5 28
3 14 28
31 11 28
28 15 28
8 22 6
13 13
10 8 2
2 4 2
2 4 2
4 5 2
8 11 2
12 6 13
8 3 13
1 12 2
3 13 13
6 3 6
10 2 2
6 10 2
4 9 2
59 103
6 23 57
59 54 57
20 58 34
9 7 34
30 21 40
20 16 57
2 51 55
25 40 57
12 28 1
23 5 57
34 52 34
58 54 57
17 5 57
39 24 55
58 4 57
28 23 57
57 17 57
7 30 57
13 56 57
10 47 58
53 13 57
26 47 23
41 21 57
17 25 55
16 10 53
55 25 55
49 41 19
25 51 55
5 1 57
28 32 57
28 30 57
5 28 57
43 33 57
37 50 34
36 43 14
47 39 55
43 26 34
59 22 57
56 19 57
38 51 19
22 33 5
21 52 57
25 35 25
29 45 45
29 42 57
50 34 34
27 42 57
27 14 34
38 20 34
29 36 34
30 43 57
55 51 55
5 47 57
31 21 57
13 45 19
51 40 57
23 12 57
43 33 57
18 51 57
34 3 34
34 40 57
19 2 19
56 50 57
21 57 57
44 15 57
13 19 19
35 56 57
14 25 34
8 55 55
47 46 55
30 54 57
48 56 57
20 38 2
34 6 57
6 55 57
48 29 57
52 18 57
7 21 57
29 32 57
25 1 57
57 30 57
21 15 57
21 58 57
53 58 57
17 8 19
9 54 59
40 6 5
12 37 34
43 38 34
8 59 34
51 7 55
15 59 20
54 47 41
56 15 57
43 30 57
35 34 34
26 47 55
15 36 14
38 17 28
27 57 57
55 1 57
53 44 57
13 59 34
43 98
25 24 33
3 32 32
30 42 19
37 14 32
17 31 32
38 14 19
41 19 19
3 37 15
1 25 19
2 10 19
27 20 32
23 15 32
19 33 33
12 35 32
7 42 19
12 18 32
19 11 19
29 2 32
7 5 5
9 38 19
37 26 33
31 3 32
12 20 32
11 5 32
20 36 32
18 32 32
12 10 19
9 28 19
5 17 28
5 41 41
20 24 33
23 43 32
16 13 33
6 15 19
14 17 32
27 10 19
7 40 21
37 31 32
18 32 32
21 11 32
39 10 19
14 2 32
7 32 32
23 12 32
42 5 19
6 39 19
31 7 32
5 21 21
12 34 34
25 3 32
23 31 32
28 4 32
5 1 19
34 6 19
12 11 32
33 32 33
17 40 28
17 8 19
21 4 32
9 11 19
1 3 19
43 10 19
31 37 32
43 20 32
11 33 33
24 18 33
37 33 33
19 12 19
32 25 32
9 2 19
34 8 19
6 40 19
15 16 32
42 35 19
34 1 19
4 22 19
9 13 33
14 8 19
34 36 32
2 39 32
9 26 33
6 38 6
12 23 32
7 30 32
25 11 32
36 39 32
11 37 32
16 35 32
20 24 33
10 28 19
16 34 32
14 41 32
31 22 19
31 3 32
1 37 19
12 21 32
18 2 21
32 43 32
31 42
31 3 3
22 5 22
26 29 18
19 24 2
13 8 3
18 8 3
3 19 3
9 6 25
24 10 18
22 12 3
5 24 3
25 7 25
8 12 3
22 27 3
16 7 3
24 15 25
28 23 3
27 6 30
23 2 25
7 17 25
13 8 3
6 25 25
16 14 22
14 3 3
25 21 3
2 24 2
17 28 3
30 9 25
18 5 3
18 29 18
25 8 3
7 8 3
4 23 25
3 28 3
22 23 3
12 25 25
18 23 25
5 9 3
18 9 18
15 24 25
17 6 25
24 12 25
6 31
1 2 5
4 5 5
3 4 5
2 6 5
5 1 5
4 3 1
2 6 5
6 1 5
6 2 5
1 6 5
6 2 5
2 5 5
2 5 6
4 1 4
4 5 5
4 2 5
3 2 5
4 2 5
4 2 5
2 4 5
1 6 5
3 5 2
6 4 1
3 4 4
1 5 5
5 2 5
4 1 4
4 1 4
2 5 5
3 5 5
3 4 5
17 39
9 2 1
2 7 8
6 5 5
8 11 8
6 7 1
8 2 8
15 7 1
17 12 15
11 13 5
12 15 1
13 2 5
12 1 1
7 9 1
1 4 1
15 10 1
14 5 5
11 17 1
5 10 5
10 17 1
7 13 5
2 10 8
17 13 5
3 13 3
5 3 5
3 1 5
6 10 1
4 12 1
15 2 10
8 9 1
15 11 1
6 2 1
13 6 5
14 11 8
17 8 1
2 15 1
15 10 1
8 3 5
17 1 1
14 11 8
45 91
45 31 31
42 4 31
7 38 5
44 9 31
9 32 20
12 37 31
37 44 31
25 11 31
7 43 31
25 2 31
20 43 31
13 38 5
40 23 5
12 36 5
32 11 31
39 28 5
38 41 5
24 39 31
30 12 31
44 6 31
43 3 31
36 35 5
29 28 5
24 39 31
42 1 42
14 12 31
1 37 31
5 22 5
22 31 31
11 38 5
5 41 5
40 30 5
17 14 31
11 23 31
16 22 20
35 26 5
25 13 21
27 37 5
7 14 31
35 45 31
45 43 31
13 8 31
2 41 31
43 38 5
37 3 31
7 23 31
6 43 31
27 41 5
19 37 20
14 31 31
14 27 5
39 18 31
9 43 31
13 38 5
40 34 5
16 22 20
10 20 20
37 33 31
19 39 31
33 28 5
21 41 31
30 21 31
29 7 31
7 12 42
22 23 31
35 21 31
22 9 22
2 41 31
30 9 31
45 20 31
22 13 31
9 15 5
40 9 5
19 33 31
3 13 31
39 14 30
24 9 20
30 45 31
29 38 5
4 40 5
30 22 31
9 40 5
13 21 21
4 15 5
22 41 31
12 2 31
45 25 21
10 33 31
21 30 31
20 38 5
12 11 31
8 37
5 3 4
1 7 4
1 2 2
7 3 4
2 5 2
7 1 4
6 1 2
7 8 4
6 4 2
2 6 2
7 1 4
1 6 2
8 5 4
3 5 4
8 3 3
6 4 2
4 8 4
6 3 8
4 2 2
6 3 2
4 2 2
6 8 2
7 4 4
5 8 4
1 5 4
4 6 2
8 3 3
3 2 7
8 2 2
6 5 2
3 8 3
4 1 4
3 4 4
6 3 2
7 3 4
5 6 2
7 1 4
6 3
2 4 3
6 5 4
1 2 6
31 63
7 17 20
5 26 3
18 5 17
10 12 3
17 15 15
19 26 3
2 1 2
22 30 26
8 16 15
3 6 3
16 3 3
8 10 10
3 31 3
8 29 3
9 13 13
11 4 20
8 28 15
30 4 3
11 4 20
24 5 17
9 28 15
25 27 30
2 31 3
1 11 20
7 21 3
22 3 3
27 5 3
9 18 17
11 10 15
24 12 3
31 3 3
26 27 26
11 23 20
31 4 3
17 22 3
4 7 20
12 25 3
8 5 15
16 4 20
14 22 3
5 12 3
27 17 3
17 25 3
25 28 3
3 17 3
13 26 3
14 28 15
17 29 3
4 5 20
22 9 3
29 25 25
27 2 3
25 14 3
11 28 15
4 15 20
6 19 3
23 31 3
10 24 15
7 14 20
28 31 3
5 22 3
31 8 3
29 1 3
15 104
11 3 11
13 6 5
5 10 10
1 12 5
12 3 5
13 3 13
11 4 11
5 9 5
3 4 5
15 6 5
9 12 9
3 10 10
15 3 13
11 9 11
3 15 13
11 6 11
4 5 5
11 5 11
9 12 9
5 3 5
5 12 5
3 11 11
3 10 10
13 9 5
1 13 13
11 13 11
9 13 5
2 3 11
9 7 11
10 9 10
8 15 11
10 11 11
4 1 5
7 5 11
7 6 11
8 6 11
2 6 11
8 10 11
6 1 5
5 14 5
14 12 5
14 1 13
4 10 10
15 5 5
11 2 11
5 10 10
10 11 11
2 14 11
10 4 10
7 9 11
14 15 14
10 11 11
15 1 13
4 13 5
10 2 11
9 14 5
7 5 11
9 3 5
4 13 5
13 5 5
9 14 5
4 3 5
5 2 11
1 12 5
4 8 11
1 8 11
15 9 5
6 10 10
14 8 11
3 12 5
8 11 11
11 13 11
14 7 11
12 6 9
12 5 5
8 15 11
2 13 11
4 10 10
4 11 11
4 11 11
13 2 11
15 12 5
14 6 5
9 14 5
11 4 11
7 3 11
5 3 5
2 8 11
15 5 5
1 11 11
15 13 13
13 1 13
10 13 10
5 14 5
6 2 11
14 11 11
6 3 5
4 2 11
14 15 14
9 3 5
14 15 14
2 7 11
7 3 11
7 5 11
